x	         x
0	         0
0	         0
0	         0
0	         0
0	         0
0	         0
0	         0
0	         0
0	         0
1	  31804682
0	  31804682
1	 -11263018
0	 -11263018
0	 -11263018
1	  -8766052
1	 -46344684
0	 -46344684
0	         0
0	         0
0	         0
0	         0
0	         0
0	         0
0	         0
0	         0
1	   -145044
1	  -4665625
1	  54292511
1	  69072507
1	 100410057
0	 100410057
0	         0
0	         0
0	         0
0	         0
0	         0
0	         0
0	         0
1	  31625206
1	  51705961
0	  51705961
1	  74992268
0	  74992268
0	  74992268
1	  84390041
1	  55343433
1	  31927697
0	  31927697
0	  31927697
0	  31927697
1	  30681872
0	  30681872
0	  30681872
1	   2289536
0	   2289536
0	   2289536
0	   2289536
1	 -12045356
0	 -12045356
0	         0
0	         0
0	         0
0	         0
0	         0
0	         0
0	         0
0	         0
0	         0
0	         0
0	         0
0	         0
0	         0
0	         0
0	         0
0	         0
1	  -5233680
1	  -7482435
0	         0
0	         0
0	         0
0	         0
1	   8327110
0	   8327110
1	  28330360
1	  30964272
1	 -25319805
1	   -933103
0	   -933103
0	   -933103
0	   -933103
1	  20540657
0	  20540657
1	  46652907
0	  46652907
1	  36578657
0	  36578657
1	  37183569
0	  37183569
1	  36846561
0	  36846561
0	         0
0	         0
0	         0
0	         0
1	  21200742
0	         0
0	         0
0	         0
0	         0
0	         0
0	         0
0	         0
0	         0
0	         0
0	         0
1	  -3018280
1	 -24726280
1	 -31422247
0	 -31422247
0	 -31422247
1	 -78775839
0	 -78775839
1	-103981989
0	-103981989
1	 -66175653
0	 -66175653
0	 -66175653
0	 -66175653
0	         0
0	         0
0	         0
0	         0
0	         0
0	         0
0	         0
1	 -50709945
0	 -50709945
0	 -50709945
0	         0
0	         0
0	         0
0	         0
0	         0
1	  39179310
0	  39179310
0	  39179310
0	  39179310
0	  39179310
1	   5494940
0	   5494940
0	         0
0	         0
0	         0
0	         0
0	         0
0	         0
0	         0
0	         0
0	         0
0	         0
0	         0
0	         0
0	         0
0	         0
0	         0
0	         0
0	         0
0	         0
0	         0
0	         0
0	         0
0	         0
0	         0
0	         0
0	         0
0	         0
0	         0
0	         0
0	         0
0	         0
1	  39646397
0	  39646397
0	  39646397
0	  39646397
1	  32919807
0	  32919807
1	 -13138359
0	         0
0	         0
0	         0
0	         0
1	   2621632
0	         0
0	         0
0	         0
0	         0
0	         0
0	         0
1	 -10959170
0	         0
0	         0
0	         0
0	         0
1	  -1696227
1	  -8929365
0	         0
0	         0
0	         0
0	         0
0	         0
0	         0
0	         0
1	  38626450
0	  38626450
1	  15145354
0	  15145354
0	  15145354
1	 -22071371
1	  25730229
0	  25730229
1	   8158494
1	  -7860516
0	  -7860516
1	 -10765860
1	 -57804054
1	 -64916454
0	 -64916454
0	         0
0	         0
0	         0
0	         0
0	         0
0	         0
0	         0
0	         0
0	         0
1	 -18393628
0	 -18393628
1	 -24720898
1	 -37933282
1	 -72491219
0	 -72491219
1	 -77504579
0	 -77504579
0	 -77504579
1	 -76456539
1	 -58650887
0	 -58650887
0	 -58650887
0	 -58650887
0	 -58650887
0	         0
0	         0
0	         0
0	         0
1	   1210440
0	   1210440
0	   1210440
1	 -16539075
1	 -36980073
0	         0
0	         0
0	         0
0	         0
0	         0
0	         0
0	         0
1	 -20922138
1	 -29509962
0	 -29509962
1	  -1776842
1	  30154288
1	 -12501465
1	 -12918401
1	 -35807421
0	 -35807421
1	 -38467699
1	 -23567959
1	 -20602729
1	 -10001503
0	         0
0	         0
0	         0
0	         0
1	  51289060
0	  51289060
0	         0
0	         0
0	         0
0	         0
0	         0
1	  -3364631
0	  -3364631
1	  -2975739
0	  -2975739
0	  -2975739
0	  -2975739
0	  -2975739
1	  18430833
1	 -12514983
0	 -12514983
1	  -3569433
1	  33196483
0	  33196483
0	  33196483
0	  33196483
0	  33196483
0	  33196483
0	  33196483
0	         0
0	         0
0	         0
0	         0
0	         0
0	         0
0	         0
0	         0
1	    404335
0	    404335
1	 -44868086
0	 -44868086
1	  -9288854
1	 -40119146
1	 -56805211
1	 -55958911
0	 -55958911
0	 -55958911
1	 -46760101
0	 -46760101
1	   5343387
0	   5343387
0	         0
0	         0
0	         0
0	         0
0	         0
0	         0
0	         0
0	         0
1	 -13653344
0	 -13653344
0	         0
0	         0
0	         0
0	         0
0	         0
0	         0
0	         0
0	         0
0	         0
0	         0
0	         0
1	  43287062
1	  40401414
0	  40401414
0	  40401414
0	  40401414
1	  40267862
0	         0
0	         0
0	         0
0	         0
0	         0
0	         0
0	         0
0	         0
0	         0
0	         0
1	  39248289
0	  39248289
1	  64723137
1	  57027703
0	  57027703
0	         0
0	         0
0	         0
0	         0
1	 -49876740
1	 -72391122
0	 -72391122
0	 -72391122
0	 -72391122
1	 -13343859
1	 -10908553
1	 -15373449
0	         0
0	         0
0	         0
0	         0
0	         0
0	         0
0	         0
1	   5854140
1	  13741781
1	  11788676
0	  11788676
1	  46444906
0	  46444906
1	   4187776
1	  64377416
1	  51699791
1	  46943426
1	  16526530
1	  22776202
0	  22776202
0	  22776202
0	  22776202
0	  22776202
1	   4283596
0	   4283596
0	   4283596
0	   4283596
1	 -11126330
1	  15931830
1	  15327818
0	  15327818
1	   6787609
1	 -12786951
1	 -16559905
0	 -16559905
0	 -16559905
0	 -16559905
1	 -13128336
0	 -13128336
1	  -9151408
0	  -9151408
0	  -9151408
0	  -9151408
1	 -45618587
0	 -45618587
0	 -45618587
0	 -45618587
1	 -47729901
1	 -73608267
0	 -73608267
1	 -76494325
0	 -76494325
1	 -74210069
0	 -74210069
0	         0
0	         0
0	         0
0	         0
1	  -2429034
1	 -43519650
0	 -43519650
1	  -4059546
1	 -33771592
0	         0
0	         0
0	         0
0	         0
1	 -20525274
1	 -72642778
1	-101589919
1	-113395817
0	-113395817
1	-123946654
0	-123946654
1	-124092029
0	-124092029
0	         0
0	         0
0	         0
0	         0
1	 -21535918
0	 -21535918
1	  23662172
1	 -20530834
0	 -20530834
1	 -18121994
0	         0
0	         0
0	         0
0	         0
1	    602962
0	    602962
0	    602962
1	  -3207585
0	  -3207585
0	  -3207585
0	  -3207585
0	         0
0	         0
0	         0
0	         0
0	         0
0	         0
1	   3875850
0	   3875850
1	    130762
0	    130762
0	    130762
0	         0
0	         0
0	         0
0	         0
0	         0
0	         0
0	         0
0	         0
0	         0
0	         0
0	         0
0	         0
0	         0
0	         0
0	         0
0	         0
0	         0
0	         0
0	         0
0	         0
0	         0
0	         0
1	    275086
0	    275086
1	  27645454
0	  27645454
1	 -28957938
1	 -29490162
1	  10508479
0	  10508479
0	  10508479
0	  10508479
0	  10508479
1	 -41348711
1	 -12899723
0	 -12899723
1	 -20521653
0	 -20521653
1	 -51337173
1	 -44959500
0	 -44959500
1	 -62261652
0	 -62261652
0	         0
0	         0
0	         0
0	         0
0	         0
0	         0
0	         0
0	         0
1	 -15338862
1	 -15236604
1	 -35680644
0	 -35680644
1	 -11901745
1	  -9350245
1	  14963653
0	  14963653
0	  14963653
1	  19501309
0	  19501309
0	  19501309
1	  40477383
1	  48558663
1	  97648467
0	  97648467
0	  97648467
0	  97648467
0	  97648467
0	  97648467
0	  97648467
0	  97648467
1	  95232067
0	         0
0	         0
0	         0
0	         0
1	   -714631
0	   -714631
1	  -3142711
0	  -3142711
0	  -3142711
0	  -3142711
1	 -23146996
1	 -30059200
1	 -11292463
1	 -16265998
1	  -6781902
1	  -5429870
0	  -5429870
0	  -5429870
0	  -5429870
1	  -8075321
0	  -8075321
1	  27337855
0	  27337855
0	  27337855
1	  11900857
0	  11900857
1	  10953073
0	         0
0	         0
0	         0
0	         0
1	   3631068
0	         0
0	         0
0	         0
0	         0
0	         0
0	         0
0	         0
0	         0
0	         0
0	         0
0	         0
0	         0
0	         0
0	         0
0	         0
0	         0
0	         0
0	         0
0	         0
0	         0
1	  17729674
1	  17213074
0	  17213074
0	         0
0	         0
0	         0
0	         0
0	         0
1	  17723694
1	  22383734
1	  21742105
1	   5486525
1	  29249957
0	         0
0	         0
0	         0
0	         0
0	         0
0	         0
0	         0
1	   8367429
0	         0
0	         0
0	         0
0	         0
0	         0
0	         0
1	  12072753
0	  12072753
0	  12072753
1	  12551025
1	 -34056600
1	 -88610100
1	-102768624
0	-102768624
1	 -87097122
0	 -87097122
1	 -39917346
0	 -39917346
1	 -40694546
1	 -66866886
1	 -50993394
1	 -48472018
0	 -48472018
1	 -30132080
1	 -31899079
0	 -31899079
0	         0
0	         0
0	         0
0	         0
0	         0
0	         0
0	         0
0	         0
0	         0
1	   5314698
0	   5314698
1	   8734984
0	   8734984
0	   8734984
0	   8734984
1	  17286189
0	  17286189
1	  33479589
0	  33479589
1	  33092223
1	  39653447
1	  45456647
0	  45456647
0	  45456647
0	  45456647
0	  45456647
0	  45456647
1	  61105028
1	  48406628
0	         0
0	         0
0	         0
0	         0
0	         0
0	         0
0	         0
0	         0
0	         0
1	  15503000
1	   4448834
0	   4448834
0	         0
0	         0
0	         0
0	         0
1	  33643060
0	  33643060
1	  33673042
1	  50257849
1	  62076159
0	         0
0	         0
0	         0
0	         0
1	 -34984352
0	         0
0	         0
0	         0
0	         0
0	         0
1	 -47305728
0	         0
0	         0
0	         0
0	         0
1	  -1480037
1	 -34150301
1	 -54812676
1	 -78609676
0	 -78609676
1	 -80211856
1	-119199136
0	-119199136
0	-119199136
0	-119199136
1	 -65777187
1	 -86761290
0	 -86761290
1	 -80065545
1	 -82329198
0	 -82329198
1	 -85582848
0	 -85582848
0	 -85582848
1	 -99621647
0	 -99621647
1	 -88827020
1	-100298744
1	-119798371
0	         0
0	         0
0	         0
0	         0
0	         0
0	         0
0	         0
0	         0
0	         0
0	         0
1	  20380454
1	  15932654
1	  51733034
1	  49034586
0	  49034586
0	  49034586
0	         0
0	         0
0	         0
0	         0
1	   8284068
1	 -20611232
1	 -19985027
1	 -40157322
0	 -40157322
1	   7770486
1	  33084918
0	  33084918
1	  32251350
1	  31312650
0	  31312650
1	  37624771
1	  33303921
0	  33303921
0	  33303921
0	         0
0	         0
0	         0
0	         0
0	         0
1	 -11170964
0	         0
0	         0
0	         0
0	         0
0	         0
0	         0
0	         0
0	         0
0	         0
0	         0
0	         0
0	         0
1	  -3725850
0	  -3725850
0	         0
0	         0
0	         0
0	         0
0	         0
0	         0
0	         0
0	         0
0	         0
0	         0
0	         0
0	         0
0	         0
0	         0
0	         0
0	         0
1	  -2276452
1	 -25701319
1	 -16550335
1	 -41673994
1	 -73201378
0	 -73201378
0	 -73201378
0	         0
0	         0
0	         0
0	         0
0	         0
0	         0
0	         0
0	         0
0	         0
0	         0
0	         0
0	         0
0	         0
0	         0
0	         0
1	 -16222110
0	         0
0	         0
0	         0
0	         0
0	         0
0	         0
0	         0
1	    -64201
1	  44701137
0	  44701137
0	  44701137
1	  30473773
0	  30473773
1	 -29713053
0	 -29713053
0	 -29713053
1	 -15162283
1	 -67265219
0	 -67265219
0	         0
0	         0
0	         0
0	         0
1	    627378
0	    627378
0	         0
0	         0
0	         0
0	         0
1	 -36702008
0	 -36702008
1	 -33491740
0	 -33491740
1	 -29311100
0	 -29311100
0	 -29311100
1	 -38480675
0	 -38480675
1	 -19174675
0	 -19174675
1	   -228343
0	   -228343
1	    278087
0	    278087
0	         0
0	         0
0	         0
0	         0
0	         0
0	         0
1	   3113568
0	   3113568
0	   3113568
1	  34733736
0	  34733736
1	  62796654
1	  94247658
1	  96182503
0	  96182503
1	  96292613
1	  84975671
1	  94852406
0	         0
0	         0
0	         0
0	         0
1	   4877646
1	  39422786
1	  78622880
1	  31476492
1	  34673212
1	  59296239
0	  59296239
1	  59671341
1	  35958410
0	  35958410
0	  35958410
1	  62034740
0	  62034740
0	  62034740
1	  61850486
0	  61850486
0	         0
0	         0
0	         0
0	         0
0	         0
0	         0
0	         0
0	         0
0	         0
0	         0
1	 -22821330
1	 -44052540
1	 -36429228
1	 -31830240
0	 -31830240
0	 -31830240
0	 -31830240
1	 -11458140
1	 -14286612
1	  -8960192
1	 -15684184
0	 -15684184
0	 -15684184
0	         0
0	         0
0	         0
0	         0
0	         0
0	         0
0	         0
0	         0
1	  -3204513
0	         0
0	         0
0	         0
0	         0
1	  14755125
1	  -6071506
1	  21289620
0	  21289620
0	  21289620
0	         0
0	         0
0	         0
0	         0
0	         0
0	         0
0	         0
0	         0
0	         0
0	         0
0	         0
1	    204915
0	    204915
1	  26972825
1	  10433640
0	  10433640
0	  10433640
0	  10433640
1	  -6353480
0	  -6353480
1	 -15487485
0	 -15487485
1	 -33311685
1	 -85084329
0	 -85084329
1	-116514686
0	-116514686
1	-100067270
0	-100067270
1	-133940165
