0
00100001110010
10001010100000
1
1
00011111111110
11110110100001
1
1
10100100110101
11111100100001
0
0
10110001110101
10101010001111
0
1
11000011110111
10011100110110
0
0
11000001100111
10101100011010
1
1
00110100111111
00111001101100
1
0
11011100011001
00101011011101
1
1
10000100100000
10111000110000
1
0
10100100111110
11111010001010
1
1
11100001011111
00100010010101
0
0
11110001100001
10001000100010
0
0
10100110111011
11101101010101
0
0
00100001010001
10011100011010
1
0
00001101111001
10100110111000
1
1
10101111110011
11111011001101
1
1
00101110000010
11001111000100
1
1
00001110100011
00111010101111
1
0
11110101110010
11011110110011
0
0
10111100010100
00110011111100
0
0
11000110100101
00011001000111
1
1
10100100001101
11001000010011
1
0
11101101111000
11100100101001
0
1
00110110111001
00010000101101
1
0
10010100010110
11100101000011
0
0
10101111101110
10011100001110
1
0
11010111101110
00111100001000
0
0
00111011001000
10100010111001
0
0
00011000000001
11101010111110
0
0
10100100000111
10110010010001
0
0
00101010101001
00001110101100
0
0
10111000011001
10011010111010
1
0
11101000100111
00111101110001
1
1
11100000010011
00111011111011
0
0
10110001111010
11000100100101
1
1
10000100111000
00000111010000
1
0
00001111011111
11100000111011
1
0
00101011111111
00000001001010
0
1
00101100010010
11001110111111
1
0
11010010100101
11111000111100
0
0
11101110110001
10011100111001
1
0
10111101100000
00000110100101
0
1
10101001001000
00010011010111
1
1
00000110010000
00001100100101
0
1
11001000000100
00110100111000
1
0
00000111000010
10111010011101
0
0
11111101101100
10001010011100
1
0
10101110111111
00110110000000
1
0
10100000010011
00011000110000
1
0
11001010010011
11100110001001
0
1
11010101001011
10011100110011
1
0
11010010010000
10111110110001
0
1
00101101101010
00000001011000
1
0
10000110001011
11100110010110
1
0
00110000111011
10101000101010
1
1
00001111110001
00101100100110
1
1
11101011000111
11101001001000
1
0
10001010001010
10101101100111
0
0
11001000110101
00100101101110
1
1
00101111101110
10010101110000
0
0
11000110101010
00011000000001
1
0
00101101000100
10101110101111
0
0
10011001110001
00101111000101
0
0
00010010010100
11100001011000
0
1
10101001001110
00101010101010
0
1
11110000100101
11001001111111
1
0
00110011110000
10000110010000
1
1
10010110010000
00111110101011
0
0
11111100100011
00000010001101
0
0
10111000010000
00001000101110
0
1
11101001110001
10101100000110
1
1
00110101010000
11101010011010
1
0
00100000100001
10010010000001
0
0
11010100010101
10111001111010
1
1
00101000101111
00011110011011
0
1
10000111011000
11010100001011
1
0
11011111101101
00001011110110
0
1
11010111101111
00100111100111
0
0
00000010011100
11110101101010
1
0
00101110101011
10011000010001
1
0
11100110000101
10100111100001
0
0
10010111100110
11110001110100
0
1
00101000110100
00010011000000
0
0
00101011100000
10100111011111
0
1
10100010101001
10000011101010
0
1
10111100111011
00110001011000
1
0
10110101110111
00101000101010
1
0
10100011000111
10010001110101
1
1
10000110110000
10100000011111
0
0
11000110111011
11101001100011
1
1
11000111010000
00100110001111
1
0
11000001111001
10011110010001
0
1
11010000001001
10110110001110
1
1
10010000111100
10001011101001
1
1
11111011111011
11011100111001
0
1
10010001100000
11011110010010
1
1
10100100101000
00010001111011
1
1
00010100001001
11110110010001
1
0
11011010010100
11110010010100
0
0
10010100000011
00110001000111
1
0
10111110100100
10000110100111
1
1
11100100110100
11010011110111
1
1
10111011100000
00100110100100
1
1
10010111011100
11000000100101
1
1
11100101101001
00101100011011
0
1
10010101000100
10101000001001
1
0
11110110011000
00001110010001
0
1
11110101111010
00110011011100
1
1
10001010110001
11100101000101
0
1
00110100010110
11100001001011
0
1
10110010110010
11101001101001
1
1
10111001011110
00100011101010
0
0
11011011010101
00111101011010
0
1
11100010000100
11110110010100
1
0
11010110001111
00110111100100
1
0
10101001001010
11110111010011
1
0
10000001000011
10101011010001
1
1
11011100000010
11001010000110
1
1
00111001101000
10011011111111
1
1
10010101010110
00011110000110
1
1
11101110100000
00010101100000
1
0
11101001000011
11001101000101
0
0
11100011110001
11101110011100
0
1
00100010111011
00000000010101
0
1
10001001110000
10110010110001
1
0
10101000111100
00100100100100
0
0
00100010001010
00000000101011
1
0
11000111111000
00011110100011
0
0
10101111110111
00001111100001
0
1
00111011111100
10101011010001
1
1
11111000101100
11110100000101
0
1
11000101000111
10111000101100
1
0
11011101000100
10000110001001
1
1
00101010001101
10111011010010
0
0
10110110100110
10111000010101
1
0
10001110001001
10111000110111
0
1
00001101000111
00110110000010
0
0
11001010111010
10100011100111
0
1
10100011111100
00001101010011
0
0
10101000000111
00001101001001
1
1
10001000001111
11011101110101
0
0
11101001101000
10010110101000
1
0
10111111011101
00100001011101
1
1
00111111101000
11101011110001
0
0
10101111100101
11011111111101
0
0
11011011100001
11100101001111
1
0
10110000101011
10011110001011
0
0
00000000100011
10101100100011
1
1
11001000001010
00001011001010
1
0
11100011010100
00010000111110
1
1
00000110001100
10101001100011
0
1
00101001100011
11111100011111
0
0
00100100110011
10101110111001
0
1
10001110111100
11110000111010
1
1
10001001101011
11000111001001
0
1
00101010010010
10010001001001
1
1
11011001100001
00111010110000
0
0
11001100011101
00111000011110
1
0
11001110100111
00111001011111
0
1
11110011111111
10001000001011
1
0
11000010110111
00101100011000
1
1
11000010111100
11111110101100
0
1
00000011111101
11001011101011
1
0
10101111001100
00110011001111
0
1
00011000101110
00000111010110
0
1
10010111100010
11011010011001
1
1
11101111100110
00000000111000
0
0
11101011100001
00111001011111
0
0
00100110101100
00101111111000
1
1
10111001010110
11110100111010
0
0
10110000110011
00001100100100
1
1
00100011110000
00011010111100
1
0
00010100100100
10110010101100
0
1
10100011110010
11000010000110
0
0
10010011100100
10011010110000
1
1
10101000111100
11010010111011
1
1
00101001110001
10001101111110
1
1
00101100001111
10110001001011
0
0
00101101001010
11101001001010
1
0
10111001011000
11011100010010
0
1
10111100001011
00000110011011
1
0
10010010101101
10011001110011
1
1
11100111111000
11110010011011
1
1
11011000110010
10011101001000
0
0
00001111111001
00100010001101
1
1
00001100111001
10101111110011
0
1
10111000110010
10100101001111
0
0
10011100111001
00001001010011
1
1
10000001101000
11001011000010
1
1
10010010000000
10011110011100
1
0
00111111111100
11011000011111
0
0
00000011110000
10001010010101
0
0
11010100110011
11110000100110
1
1
00110001110101
10001010000100
1
0
11010111011110
00111001001000
0
1
10101000011011
00001001000101
0
1
00110000001110
10110100010101
1
1
11010111101001
11010100010110
0
0
10110011101010
11111000100001
1
1
11011010111100
00011011010101
0
0
10010100110011
00011000111010
1
1
11100111010100
10100100101110
0
1
11111011011110
11011011101110
0
1
00110000000000
00110100101011
1
1
11101000010011
10011100010011
1
0
11010001100011
10001001110101
0
1
00001000010000
11001011110101
1
1
00111110010100
11011110001001
0
1
11011101100010
11110011010101
0
1
10011010100010
00000000011110
0
0
10111001011101
11001010000010
1
0
10000111010111
10100100110011
1
1
10110100111111
10101101010001
0
1
10011101010111
11101111010010
0
0
00000111000111
11011001111101
0
1
10100101000010
11101101110010
1
1
00101110010101
11100111101001
0
0
10010110110010
11010011100011
0
0
11011111011001
10010001001101
1
0
11000101000011
10110010110011
0
1
10111100101000
11110000100000
1
1
00110101110111
11010000110100
0
1
10111111110000
00110001100001
0
1
00010000101111
00000110111100
1
1
00010101101101
11100100000100
0
1
11100101100010
11101101000101
1
1
10010000100010
10010010111001
1
0
11110111000000
11010001011010
0
0
00110010111110
00110100111010
1
1
10010101100100
10100001011001
1
1
11110000001011
11100110010001
0
0
11000100010111
10011011101000
1
0
10011001111100
11110001100100
0
1
10101110001100
00100001110111
0
1
11110100100110
11100101100101
0
0
00111000111100
11100001001011
0
0
10101111010100
00101001111110
1
1
00110010001000
00010011110011
0
1
00111011101111
10100111010110
1
0
11110010000001
00110111111110
0
0
00101010001100
10111010010011
1
0
00001100011010
10011010010101
1
1
11100101000000
00000101110101
0
1
11001001000111
00001011100110
1
1
00100101111011
10110100110011
0
0
00111010011110
11011000100001
0
1
11101000010010
00001111000110
1
0
11101110111011
11110000001000
0
1
10001110000110
11011000000010
1
0
10111110000100
11001000010001
1
1
11011110010001
11111001101110
0
1
00111010100010
00111110110110
0
0
10110000010011
11010001110000
1
1
00110110001000
10001100010011
1
1
11000001010101
11100100110001
1
0
00010011000010
11100111001111
1
1
11000010100100
10010000011111
0
0
11100110001011
10000011100110
0
1
10101011001101
10100000110110
1
0
10111111110110
10101111011001
1
1
11010010010011
10001000010011
0
0
11000111101000
11000000101001
1
1
10111000001100
11000010101100
0
0
00000001110111
00100100111111
1
1
11000110100010
00110101011101
0
1
10001101111010
00010100011001
1
0
11101001110001
11110110111101
0
1
00001100011100
11011101010000
0
0
11111001100101
10010001101010
0
1
00000100111010
00100100011001
0
1
11010101111111
11111001100000
1
1
10110100101101
00101100000010
0
1
10000011101001
00001111111011
0
1
10101111010101
10000100111011
0
0
10000001000011
11110011000010
1
0
00100010000010
00101010010010
0
0
11000100010010
11010010011110
0
0
10001111011100
11010010111110
0
0
11111110100011
11111000100011
1
0
00010100111110
11101111000101
1
1
11110011011010
00001000011111
1
1
10111110111111
00100101101001
0
0
11000101000101
11111101000111
1
1
00010101100111
00001110011101
1
1
11000001011111
10101010110100
0
1
00101111010100
10010001111100
1
0
00100001110000
00101010100101
0
0
00000100011000
00101001001101
1
0
10111101001010
11111001001111
0
0
11011110110111
00101100000100
1
0
11001111000010
10010111111101
1
1
00110001010111
00010010010101
0
1
10010011010011
10001011010111
0
0
11100011100011
10111101011010
1
1
10011001000000
10110011001000
0
0
11110101001001
10100100111101
1
0
10101010000100
11001010111000
1
1
00010100110110
10110011001011
0
1
00001110011101
11111110010000
1
1
10001011110000
10000001000001
0
0
10000101010000
11111101101010
1
0
11101101000101
11100101110110
0
1
00101001001111
00001001010110
0
0
00010110001101
10100001101001
0
1
10011010010011
11000111001001
1
1
00100001000011
00001111110110
0
1
10110100101010
11000101001111
0
0
10000100000001
10001101010101
1
0
10101111001101
00000100110011
1
1
11011001011001
00110010100110
1
0
11001111000111
00100010010000
0
1
00000100110010
00010110001101
0
0
10101000100000
10011111001000
0
0
11011100100001
00110010111010
1
1
10100101110111
10011001111101
0
0
00010111011100
10000100000100
0
0
11010001000001
00001011101110
1
0
11010111000110
11101101111010
1
1
11000110100110
00001110111101
0
0
10101101000110
11000101011010
1
1
10100110010000
00100110101011
0
0
11100111101110
00010010001010
1
0
00011111001000
11011100101100
1
1
10101011110010
11110101010110
0
1
11101100101101
11111101101100
0
0
00000001100000
10110011010111
1
1
10001000011111
11100010000110
0
1
11011101111010
00100101101101
0
1
00011011111001
10110100011101
1
0
00001010100011
00110100000001
0
0
11110000100000
10101010011001
0
0
11101100000101
11111110101011
0
0
11010100101100
10010011011100
0
1
11010000000110
10101001001000
0
1
00100100100100
11010111101101
1
1
10011001101000
10000011010110
1
0
11001001001111
00110100000100
0
0
00011010000100
00101010001000
1
1
00111100010111
00011101001111
1
0
11101011001010
10010100011010
0
1
00101111000101
11000000101011
0
1
00000110010010
00101110010001
1
0
11000111000111
11010111100110
1
1
11010011101011
11001101100000
1
1
10111111001001
11110100101111
1
0
10110111010110
00011110100100
1
0
11001010001111
11001011000100
1
0
00101010001111
10010010110110
0
1
11011101010101
00000111001101
0
0
10000000101100
10000101110011
1
1
10001011111010
00101010100100
1
1
11010110011010
10011001000100
0
1
11100011000000
00100001111011
0
0
00101000100010
11101001111100
0
1
10101000011011
00101001011000
1
1
11011100111101
11011011110001
0
1
00100111110100
10111100000110
1
0
11101110100001
11000111111111
0
1
10100011110011
00101111000101
1
0
00011000001100
00100111011110
1
1
11111100101011
10111001101101
0
1
11111101001111
11011111101010
1
0
00111110100010
11010101111100
1
1
11010010111001
00010111010110
0
0
10011000101011
10100010100000
0
1
10110001010111
11111100100110
0
1
10111111111100
10100001110111
1
1
11000101110100
10011100001010
0
0
10000010111000
10011111110001
1
1
10011010110101
11010000100100
1
0
11000111110110
11010000111011
1
0
10111011001000
00101010011011
0
0
00100000111001
11100110011010
0
0
10111111110100
00111000101110
0
1
00101111010110
10001111101111
1
0
11101100010011
11001101111110
0
1
11000100010100
11101000101000
1
1
00010100001111
10101000111111
0
0
11101011011000
00001001110100
1
0
00010010111111
10011101010001
1
1
10101100001101
11000011001110
0
1
00101111011110
11111011110011
0
1
10101110000011
11010011100101
0
1
11000001101110
00010011111000
0
1
11101100101110
10001110001011
1
0
00100101100111
11100111101100
0
1
10010001011001
00110000110001
0
0
10110100000001
00000100111101
0
1
10001100000001
10001100011101
0
1
00101110101010
10001011001100
0
0
11010100000001
10110001101110
0
0
00101100100101
10100010000000
1
1
10101000101101
00000100110110
1
1
00111000111110
10000010101111
1
1
11110010001001
10010010000101
0
0
10111110111010
10010001000101
1
0
00110000010111
00001101100011
1
0
00011101011111
00100101110100
1
0
10110101101011
00001010100000
0
0
10000100100111
11101100111100
1
0
11100101111110
10100011000001
1
0
10111110011011
11001010101110
0
0
10100010111011
11011111101010
1
1
00100000011001
11001001100111
0
0
10011000111010
10101100111100
0
0
11111111110100
10010000010100
0
1
00111111010011
00001111100010
1
0
10111001001011
11101010000111
1
1
10101111000000
10000010101111
0
0
10010100000001
00111010100100
1
1
11110110101011
11010100000010
0
1
00100110010011
00110111001101
0
1
10010100001100
00000001010011
0
1
10001110100100
00110011110100
1
1
00101010010110
10100111001101
0
1
11011001101000
00010101010100
1
1
11100110101100
10100111011010
0
0
00101010100011
11111000001111
0
0
00111011001110
10111111101011
0
1
00011110110101
11101001101110
0
1
11001101101101
11000101010100
0
1
10100010101111
00010111010011
1
0
11011111000001
11110110000001
0
1
11000000001101
00001001010100
0
1
10001110111001
11100011111101
1
1
11110100011001
00011010001001
0
0
00000000111011
00101110100011
0
0
00001011001000
00001100000110
0
1
11010110110110
10110010101000
0
1
00011010110110
10101100010100
1
1
11010011101100
10010100101111
1
0
10110100000110
11011110100011
1
1
00101000110110
11011001111011
0
0
10101111100010
10101111110001
1
1
00111100111001
11110010101111
0
0
10000111010110
00011110000111
1
0
00000111011101
11011011000010
1
0
11011001111110
10001001010000
1
1
10010111011100
00010101101010
0
1
10110111100011
11000001001010
1
1
10101111011010
11001111010110
0
0
00110111001000
00010010111100
1
0
11010100101100
10000011101110
0
0
10001011111101
10010011101011
1
0
10101110101101
10111000101001
0
0
11100110010001
10110010010110
0
1
11010001011101
10011010010111
1
0
10100100000101
00110010110011
0
1
00111010000000
00010011100001
0
1
10010111010001
00001100010000
0
0
00010110000011
11100110011111
1
1
11111110100110
11100101101001
0
0
11000110011001
10110000110011
1
0
10011101010111
11010111000011
0
0
10010110001000
00010101111111
0
0
10110000100010
10100111010000
0
1
00110110111011
00110111100010
1
1
00010001110010
11011110000010
1
0
10000110111001
00101111111011
0
1
11100000000100
11011110100101
1
1
00010110100110
11110111001101
0
1
10001101111001
11110110101001
1
1
10011001111111
00111010111111
1
1
10001000010111
11001000101101
1
0
10110111100001
11010001010000
0
0
10011110001100
11011010101101
0
1
10000010010100
11111101110000
1
1
00010111011101
11011110011110
1
1
00111001001011
11100111001010
0
1
11010100001000
10110111000101
1
1
00100001000010
11110100000001
0
0
11101011101100
11000010111010
0
1
00001010010011
10110000010010
0
1
11101010101111
11101110101100
0
1
10000101011110
00011010101000
1
1
11010110011010
10011111000000
0
1
11101010000101
11000000111110
1
0
10111011100101
11001101111011
1
1
11001110000010
00101100111010
0
1
11010101111101
00111010000110
1
0
00100001111100
00011000010100
0
0
10001011010000
10001011101011
0
1
00010101100100
10110100100000
1
0
11010100111001
00010001000010
1
0
11001101100000
00010111100011
1
0
11111011011001
11110011100010
0
0
00111011011100
00011011000100
0
1
11111011110001
11011001111100
1
1
00111000000001
10001110111100
1
0
11100000010011
10010111011110
1
1
10111000011000
00011111110101
0
1
11010000011011
00000000110000
0
1
10011011110011
11110000001100
1
1
00011100010110
00101100011100
1
1
11101011110111
00100010111111
0
1
11011001110000
10011111101111
1
1
00111101000110
11010010101000
0
0
10101110100011
00010011110011
0
0
11011001011001
00111100011011
1
1
11010111110000
11110011111001
0
1
10010010000110
00011000011111
1
1
11001000110111
10011011111100
0
0
00100100101001
00001011100110
1
0
11000000001000
00000101111110
1
1
00110010111110
00010000111111
1
1
11011010110000
10100111011001
0
1
11011110011101
10011110101011
1
1
10110111011010
10111001010111
0
0
00011000000001
11011101101101
1
0
10110010010011
10011110011000
1
0
10010101001000
10100111001011
1
1
00001000010111
00101100111011
0
0
00101110011000
00000001011000
1
0
11010010001111
11100001010101
1
1
00111110100001
00101111000011
1
1
10100000000111
11011011110110
0
0
00100111000000
00001100110010
0
0
11111011101011
10011000111001
0
1
00100111111010
00110100011101
0
1
10011010011100
00011001011101
1
0
11011100010011
10011011000011
1
1
11110111110011
10000010001010
0
0
00001001010111
00000010011011
0
0
00101110010000
00000101000111
1
0
10011100101000
00110010010011
1
1
11001010001111
00110111011010
1
0
10011100011101
11110011110111
0
1
10100010111001
11011111010101
1
1
11011001101101
10111000010111
1
1
11110000011100
00000000000010
1
1
00110101100100
00111100111001
0
0
11010110100110
00001111000000
0
1
10101000111010
11011100110001
1
1
11011001000101
11011110000001
1
0
00001101000000
10110100000100
0
0
00100001000001
11001011101111
1
0
11010001111110
11011111000101
0
1
00000001100110
10010001110101
1
0
00110010101000
11101000100010
1
0
10010001111100
10010111010111
0
0
00011011000011
00100100011101
1
1
10010000110100
11010010111110
0
0
11001000001000
00110111111010
0
1
10100100011001
00111010100110
1
1
10000100000100
11100001111001
0
1
11001001110111
10001101001100
1
1
10111001110001
00110111001101
0
1
10100000011101
00100000111010
0
0
10100010001100
10110001111101
0
0
11110110000101
00101001011100
1
1
11011000001000
00001110110001
1
1
00001010110011
00110011101101
1
0
10011011100000
10000001101000
1
1
00011010011100
11010011100110
1
1
00111111011000
11101111101111
0
0
10001111010001
00101111110111
1
0
11110001110001
00101111100111
0
1
10000001011101
10001110011101
0
0
10101101111101
10111011001011
1
1
00001110000011
11110001001010
0
0
10001010110000
00001101010110
0
0
00001000101101
11000001001110
0
1
00000000001101
00111001111010
1
1
00110011110110
11100010010111
0
1
11010110101011
00101110010100
0
1
00011101011000
10001000110110
0
0
11010000000001
11101000111000
0
0
00101000101111
00010010010001
1
0
10000000101111
10110110101111
0
0
11101011010000
00001010010100
1
0
10101010110001
00100010011001
0
0
11010000001100
00111001111110
0
0
10011001010000
00111110011011
1
0
00100110110110
00111011100010
0
0
00011100011001
10100010000100
0
0
11101110110101
11010011111011
0
0
11011110011100
10110101001010
0
1
00000010001101
00101100011111
0
0
10000100100111
10100010110000
1
1
10011101101101
11000111111110
1
1
11010110101100
11010000000000
1
0
10110010001000
00111001001100
0
1
11100001001100
11000001001100
1
1
10011001100011
10000010100101
0
0
10010111110011
10101110011101
0
0
11010110111101
11011111010100
1
1
10100111001101
10110011100011
0
0
00001010010000
00111111111111
0
0
10111010010110
00001100111011
1
1
00001001111110
10000100101110
0
1
11110000110001
11011010011010
1
0
11101010010001
10011011000010
1
0
00101010111000
11100001010011
0
0
00010011101001
11111110110110
1
1
10010001111101
10100001101011
1
0
11010000110111
11000001000110
1
1
11101110000000
00110111001110
1
1
00110111110101
11111010011011
1
0
11011100000100
10101111000010
0
1
11000010011011
00110010001101
0
1
10000110100100
00100010010101
1
0
10110011000110
00101011101001
1
1
11000100010011
11101001010101
1
0
11011101100000
00000011011000
0
0
00100110011110
00001111001101
1
1
10100000000110
11011110000111
1
0
00001101101010
10100101000010
1
0
11101000010000
00110101001101
1
1
00101111000011
00000001111101
0
1
10001110111000
11000100110000
0
1
10100101010101
00111011101001
1
1
00001100010011
11000111111010
0
0
00110100010001
00110000000110
0
1
11111111001111
10111001000110
0
0
11111011001000
11000011100001
0
1
00001111000011
10100110110101
1
1
00000101101111
00010100010011
0
0
10000100000010
11011111011101
1
1
11000010011011
00000010000101
1
0
00100011111001
11100101110100
1
0
00001111100110
10100111010001
0
1
11111101010101
10101001110100
0
0
00111011101100
11111000100111
0
0
00110100001101
00111000111000
0
0
11110010111100
10001110111010
0
0
11010100010001
11101100001000
0
0
10001111011101
11101101001110
1
0
00000111101101
00110101111011
0
1
10011001110101
11000000011110
0
1
00000100110010
00001000111011
0
1
11001110000000
10110111000101
1
0
11111110001001
10110000100100
1
0
11011001001110
11010110011100
1
1
11001011101010
10011011010101
1
1
00100111001101
11100001000000
1
1
11110100100011
11100111101001
1
0
00110010001101
11011111001010
0
1
00110110101100
00011100011000
0
1
11100111000100
10001001011000
1
0
00100101001100
11000000101110
0
1
00001110010001
00111111001110
0
1
00111100100111
00000110111110
0
0
10110101100010
11101100001111
0
0
00011101110110
00001111011001
0
0
11010011011101
00110011011001
0
1
11101011100111
00000001011100
1
0
10110000000000
00111100101100
1
0
00100111001010
00111010111110
1
1
11010000110111
10001101100010
1
1
11001100110110
11011010001111
1
1
00111111001001
10001001001110
0
1
11111101101001
10110011111100
1
1
11000001100111
10100100101101
0
0
00101110001000
10111011000100
0
0
10011101100100
00110010101001
0
1
00010011010100
10011001101110
1
1
00111110011010
00111010111100
1
0
11101111111011
10100010010101
0
1
00101111001001
00000010111110
0
0
00001101110010
11011100010001
1
1
00100001001000
00000011000110
0
0
10101001101000
00010100100101
1
1
11011001010011
00100100100101
0
1
00011111100000
11110001101001
1
1
10101100110100
10011110101100
0
1
11011011111011
10111101100101
1
0
11111001100101
11001101010111
1
1
11110001110101
11111110100000
1
0
11000011010101
10000110101111
1
1
11001010110001
11100011101110
0
0
11000100000011
11111011001010
1
1
10010000111010
11110111001110
0
1
10101101100000
10111000100011
0
1
11110011010100
11000100011011
0
1
11000011110100
11100100000111
1
0
10001100111001
00011000000010
0
1
00111000001000
11100000001111
0
1
00111101000100
10101111011011
0
1
10110101010011
00001000011101
0
0
11010000010100
11110101100011
1
1
10000010110000
10001000011101
0
0
11010010101101
10101011000010
1
1
10101110001010
11110110100111
0
0
11100110101100
00001011001100
1
0
10111010101110
10000101001010
1
0
00111010101100
11001011101001
0
0
11111100000010
10000110000011
1
1
11010110010001
11010110011110
1
0
10110001010001
10101101011001
0
1
00011010010100
10011010011001
0
1
00011011000110
11011001001111
1
1
11001010010110
00101110000110
0
0
10111001110001
00101010110100
0
0
00110100101001
11100010010111
0
1
00101101011001
11110001100001
0
0
10110110010111
10111110001100
0
0
10010101010111
00000010010100
1
0
11010010100011
11111000000011
0
1
10101000110010
10110011010010
0
0
00010100100000
11100001001110
1
1
10111010101010
11100100000010
1
0
10010011010000
00000001111000
1
0
11011000011001
10000010100010
1
0
11011010100011
11111011001110
0
1
10011111000000
11101001101010
0
0
10100110010001
11000001111101
1
0
00010000001101
10010111111100
1
0
11001010100011
11000000101001
0
0
00110100010000
00110000000010
0
0
11000010000111
00110000110101
0
1
10100111001011
10101010010110
1
0
10010110000101
00010001000100
0
0
11101110001000
10000010111001
0
1
11110100111010
00001110001000
0
0
11110000111110
11101101011001
1
1
00011100101101
10111011001000
1
1
00111010001011
00100010001101
0
0
00110111000000
00110101011010
1
1
11100000011111
00010000111100
0
1
11100111110100
11000011000001
0
1
11111101110110
10111101001100
0
1
00111110110000
10101011110000
0
0
10110000010010
11100110100101
1
1
10110101010011
11110100010110
0
0
11010000111110
10000110111011
0
1
11011110001101
11001001011110
1
1
10100011101011
00000011001010
1
0
10011110110100
11001111001100
1
0
10101100101110
10110101011101
1
1
00101100000001
11010000110010
1
1
00101100011110
00011111101110
1
1
11111000111001
11000101101000
1
0
11011000010101
11110111000101
1
1
10001110010001
11011110010000
1
1
11111110110000
11100110011010
1
0
10000110010111
00000001110111
1
1
10100001110111
11111011111111
1
1
00011110100001
10100101111111
1
1
10011101101111
10110101111101
1
1
11101101010111
10011100010001
0
0
00110010000100
00000110011111
0
1
00000010011000
10001001010100
0
0
10001001101100
10011111110000
0
1
00110100100111
11011011101011
1
1
11011110111110
00001000011101
0
1
00001011100011
11111011101010
0
0
00100111111110
11010011010101
1
0
11000111001001
11010011111000
0
0
00101000100101
00000001000101
0
0
10010001100000
10100111101111
1
0
10110011101100
00110011010011
1
0
11110101110110
11000010000111
1
0
11000110001111
00110000001010
0
0
00100000010110
00111100100010
0
0
10111100001010
10101110000000
1
0
00001101001100
10100010110001
0
1
00110101010110
00010110001011
0
1
11100010001010
00001011001101
1
1
10000010101011
10010001101110
0
1
11010101001111
00000001010100
0
1
10000001110010
00101110011110
1
0
10000001000000
00010100110010
0
1
00100101001101
11001110111000
1
0
00110111111111
11011101000110
1
0
11110001001000
10100010111101
0
1
10100111001011
11000011110010
0
0
10100101110110
00010001100101
0
0
11000000000111
11110101100011
1
1
11000101101111
10011101011010
1
0
00000110111110
11000101110110
0
1
00010011010101
00010111000000
1
1
11100101010011
11000010111101
0
1
00101101110011
11011000111101
0
0
10100100011000
10000000010101
1
0
10000000100100
10111000110000
1
0
11010000001100
00111100101110
1
0
00001000011101
00001011010100
1
1
11100101010110
11011011100111
1
0
10000000001001
10011010001101
1
0
00110001011101
11001000110011
1
0
10110011100001
00101111101011
1
0
11010101101100
11111101110101
0
0
11011100111111
11111000101010
0
0
10110111101111
11111011110001
0
1
00000110110000
00010000100100
1
0
11110100000001
00110011111111
1
1
00010111110010
11100011010010
0
0
10011000110010
11110101000010
0
0
11101110010110
00011111011011
1
0
11111011010000
10110001101110
1
0
10100000101011
00111011111011
0
1
00100011011000
11100011001000
0
0
10100100010101
11011010000010
1
0
10101100011101
10011000001100
1
1
00010000011100
11000111001001
0
0
11011011001001
10011011110000
1
1
00110001100001
00100010110111
0
0
11100000000011
11110111011110
1
0
00101111111010
11000011101110
0
1
10000111000101
00011110000011
1
0
10101100010110
10101100101001
1
1
10000001110101
11100100001111
0
1
10110010110011
00000101100011
0
0
11001100111000
11110101000000
1
0
10100110010000
00001100010001
1
1
11100101010101
00110000111000
1
0
11010111110100
00001010001101
1
0
11011001010010
00100110110000
0
1
10101000010101
00010000111100
1
1
11001011110100
10001001100110
1
1
00110001000111
10111010111001
1
1
10110000011011
00110001100110
1
0
00111101111100
10010111000101
0
1
00011000111011
11010001110001
0
1
11110011000101
11111010001010
1
1
00101010010110
11110111100100
0
1
00011000100000
11010110011000
0
1
11100011011101
11101000100000
1
0
10111100100011
10011100111101
0
1
11011110011001
10000011011010
0
0
10110100001001
10010100001010
1
0
10010010001001
10001010011100
1
0
00100000110000
00100101100010
1
0
00010011010101
10011001001001
0
1
11110001101000
10010011010010
0
0
10000111001001
11101010011010
1
0
10111011101101
00010011010001
0
1
00000001110110
10110100001110
0
1
10111011011011
00001110110100
0
1
10000000101101
00011100101000
1
0
11011111101110
10111010011101
0
1
10110110000001
10110101101001
1
0
11010101010000
00111000001100
1
0
00000100111000
11111010010111
1
0
00101101110010
11001000101001
0
0
00111101010000
00111100000000
1
1
00111100110100
00001000011110
1
1
11110010111101
11111001011001
0
0
11010110100010
11000001001010
1
0
10010111000101
10001100101011
0
1
11100011010111
10001000110110
0
0
00101011101010
00101011110100
1
0
10011101000001
11000101011110
0
0
11010011000010
00100100011000
0
1
10010111111101
11000111111000
0
1
11100000000110
10110110001110
1
1
10111001110100
11111011010010
0
1
11111101011100
11101110000011
1
1
00111111100011
11011111001100
1
1
00100111110100
00010101000101
1
1
11100010010111
00010001011001
0
1
11011110000111
11100100001111
1
1
11011011010010
11000111111011
1
0
00111101111101
00001100010000
0
1
00111001000101
10001101110111
1
1
10111010111010
00100111111010
0
0
00111010001011
00001011011000
1
0
11100100010100
11010111001011
0
0
11000000110011
00000100010110
1
1
00111100000001
11101011110010
0
0
00110010001000
00111100011001
0
1
00110000010001
11110010000110
1
1
11010110011011
00110010100001
1
0
11111011100101
00100000101001
1
0
11010010011111
00001111110101
0
0
11011110100110
11110111111001
1
0
10111001010000
11001110000110
0
0
11110101110000
00111110001110
1
1
11000000111010
00111001011001
1
0
00010000001101
11010101100011
0
1
11100100100110
10010010010000
1
1
10101000101110
00110010111010
1
0
10000110100111
10001011010011
1
1
10010110001001
11001110101101
0
1
00010111100101
10110011001000
0
1
00000001101011
11011111101111
0
1
10101111100010
00011100001011
1
0
10010110100011
11010000101011
0
0
00111101100101
11011100111011
0
0
11000110101101
10000101010100
0
0
10001110011100
11110100110001
1
0
11100000100000
00100101011000
0
0
00110100011010
10011001010010
0
1
00010110011001
10010000011111
0
0
11110111001100
00011011000000
0
1
00011100001011
10000010101110
0
0
00011100101001
10001110011100
0
1
00110101001000
11000111000001
0
1
11011010110100
11101011100101
1
1
00101111111011
10101111011011
1
0
00011000011000
11010011000011
1
0
00110011011001
10100011001001
1
1
10101001101001
00011011101110
0
1
10101000101110
11101010111001
1
1
10000011110100
11111101001111
1
0
00001001101111
00001010101000
0
0
00010110000010
11010010011010
1
0
10010111001111
00011110101010
0
1
11100111110001
11111110111010
1
1
00110000010100
11110010010101
1
1
00111100010000
00110101000111
1
1
11001101100011
11011000010110
0
1
00000011010001
11111001001110
0
0
10100010000111
11000000000100
1
0
00001001101000
00101111101110
0
1
11100101001110
00100010011100
1
0
10000001001110
11111011011001
1
1
10001101011011
00010010111110
0
0
00101000110011
11001100000111
1
1
00111100101011
11010011001111
1
1
00110101011100
10111010100100
0
0
11010101010001
00001001011100
0
0
11010000100101
10110101001011
1
0
11110000000000
11011011000000
1
1
00100110111101
11101000100010
1
0
10000101011110
10011010010101
0
1
00101111000100
11101111111001
1
0
11001100011100
11101110101011
1
0
00110100100110
10000000110001
0
1
11000011010110
00001011010111
0
1
10111010110010
11011011000010
1
1
10011011101001
10001001101000
1
0
10000111000011
10010111001001
1
0
00100100100010
10110010100000
1
0
10101000000000
11010001000111
0
1
10101000100101
10110101110000
0
0
10100010101101
11110110000101
1
1
11110010111010
00011110110001
1
1
00011111000111
00000100000110
1
1
11011101111011
10101101000011
0
0
11111110101011
11110010101111
1
1
10101100010100
11100101001010
0
1
10011000000111
10011000100110
0
1
00001101010111
00111101001000
0
0
11100110110000
10000101001010
1
0
00111010101111
11110001111101
0
1
11111010110010
00100100010001
1
1
11100101100011
10100000100111
0
1
00101111000111
11110110111011
0
1
11010111000100
00010011111001
1
1
10110000110011
00001011100011
0
0
10101000000011
10010001011000
1
1
10110010100100
10001110101000
0
0
00001011100101
00111110100111
1
0
11100011101011
10100010110110
1
0
10101100111111
10000101110110
0
1
11110001110111
11111000000110
1
0
00111100010000
10011011100111
1
1
10110110110000
11111110100101
1
0
00100001110011
00110110111011
0
0
11001100110000
11111010110111
0
0
11001100011010
10100011011100
0
0
11001100100001
00110000011110
0
0
10110010100010
11011000111111
0
0
00010010001101
11010101011110
0
0
11011000010010
00001101101110
0
0
00110100100001
11010110000111
1
1
00110111110101
10101011111110
1
0
00100001101001
11111010000111
1
1
10110000000001
00011000101110
0
0
00111101010101
00101101111101
1
0
10101110100000
11010000111011
1
1
00110111101011
10010011111111
1
1
11011111100010
00111110101111
1
1
10101100111000
10100011100101
0
0
00100011100000
10001010101000
1
1
11000010010001
10000010000001
0
1
10010011011101
00010110101111
1
1
00111110111100
11100101101100
1
0
00101110000011
10011101000100
1
0
10100010111010
10111011011101
0
1
00111111110001
11001110101110
1
0
10111000000111
00111010101010
0
1
10100011000101
11111111111100
0
1
00010011100111
10000110000000
0
0
00111111010101
10100101111010
0
1
10001001010100
00100101101011
1
1
10011000101000
11110101001111
0
0
10100101011001
00010111000011
0
1
11110000001001
00010101110100
0
1
10100010101101
00100001001011
0
1
00011101100010
00110110101001
1
0
00110001110000
00111000101111
0
1
11110011001010
10001000011111
1
1
10001010111011
10010111001100
0
0
11001101010000
11000001111111
0
0
00010010100011
11010001011010
0
1
00010110011101
10000010100111
0
0
10111100111010
11001001100010
1
0
10100100110001
10001000000111
1
0
10000000000000
00101010011011
0
0
11000111111100
00110000011111
1
0
11000000000010
10000011101100
0
1
00010000010000
00011011000000
1
0
00010101000010
11000011011000
1
1
11111110101011
10000101000001
1
1
10101011011110
00010110001110
1
1
11100101110110
10001100111110
0
1
00110010000100
11001101100100
0
0
10101010001100
00111111101011
1

