0	0
0	0
0	0
0	0
0	0
0	0
0	0
1	12342681
0	0
0	0
0	0
0	0
0	0
0	0
0	0
0	0
0	0
0	0
0	0
0	0
0	0
0	0
0	0
1	-9362880
1	-8492186
0	0
0	0
0	0
0	0
0	0
0	0
0	0
0	0
0	0
0	0
0	0
0	0
0	0
0	0
0	0
0	0
0	0
1	12915840
0	0
0	0
0	0
0	0
0	0
0	0
0	0
0	0
0	0
0	0
0	0
0	0
0	0
0	0
0	0
0	0
0	0
0	0
0	0
0	0
0	0
1	6801276
1	10866250
0	0
0	0
0	0
1	-502873
1	-17881486
0	-17881486
0	0
0	0
0	0
0	0
0	0
0	0
0	0
0	0
0	0
0	0
0	0
0	0
0	0
0	0
0	0
0	0
0	0
0	0
0	0
0	0
0	0
0	0
0	0
0	0
0	0
0	0
0	0
0	0
0	0
0	0
0	0
0	0
0	0
0	0
0	0
0	0
0	0
0	0
0	0
0	0
0	0
0	0
0	0
0	0
0	0
0	0
1	7546488
0	0
0	0
0	0
0	0
0	0
0	0
0	0
0	0
1	18103140
1	-19402767
0	0
0	0
0	0
0	0
0	0
0	0
0	0
0	0
0	0
0	0
0	0
0	0
0	0
0	0
0	0
0	0
0	0
0	0
0	0
0	0
0	0
0	0
0	0
0	0
0	0
1	6791296
0	6791296
1	57152772
0	0
0	0
0	0
0	0
0	0
0	0
0	0
1	4719930
0	4719930
0	0
0	0
0	0
0	0
0	0
0	0
1	-6512077
0	0
0	0
0	0
0	0
0	0
0	0
0	0
0	0
1	-8951401
0	0
0	0
0	0
0	0
0	0
0	0
0	0
0	0
0	0
0	0
0	0
0	0
0	0
0	0
0	0
0	0
0	0
0	0
0	0
0	0
0	0
0	0
0	0
0	0
0	0
0	0
0	0
0	0
0	0
0	0
0	0
0	0
1	38312551
0	0
0	0
0	0
0	0
0	0
0	0
0	0
0	0
0	0
0	0
0	0
0	0
0	0
0	0
1	5346432
1	-48709266
1	-48481026
0	0
0	0
1	676978
0	0
0	0
0	0
0	0
0	0
0	0
0	0
0	0
0	0
0	0
0	0
0	0
0	0
0	0
0	0
0	0
0	0
0	0
0	0
0	0
0	0
0	0
0	0
0	0
0	0
0	0
0	0
0	0
0	0
0	0
0	0
0	0
0	0
0	0
0	0
0	0
0	0
1	12797675
0	12797675
0	0
0	0
0	0
1	44153060
0	0
0	0
0	0
0	0
0	0
0	0
0	0
0	0
0	0
0	0
1	-3209943
1	-18486807
1	-31250139
0	0
0	0
0	0
0	0
0	0
0	0
0	0
0	0
0	0
0	0
0	0
0	0
0	0
1	-11127144
0	-11127144
0	0
0	0
1	19673550
1	-22991655
0	-22991655
0	0
0	0
1	9810516
1	65653730
0	0
0	0
0	0
0	0
0	0
0	0
0	0
0	0
0	0
0	0
0	0
0	0
0	0
0	0
0	0
0	0
1	-16894845
1	-29827017
0	0
0	0
0	0
0	0
0	0
0	0
0	0
0	0
0	0
0	0
0	0
0	0
0	0
0	0
0	0
0	0
0	0
0	0
0	0
0	0
0	0
0	0
0	0
0	0
0	0
0	0
1	49718578
0	0
0	0
0	0
0	0
0	0
0	0
0	0
0	0
0	0
0	0
0	0
0	0
0	0
0	0
0	0
1	-13287164
1	-5503738
1	3962698
1	-25185155
0	0
0	0
0	0
0	0
0	0
0	0
0	0
0	0
1	-39248115
0	0
0	0
0	0
0	0
0	0
0	0
0	0
0	0
0	0
0	0
0	0
0	0
0	0
0	0
0	0
0	0
0	0
0	0
1	9072700
0	9072700
1	5690540
0	0
0	0
0	0
0	0
0	0
0	0
0	0
1	12925821
0	12925821
0	0
0	0
0	0
0	0
0	0
0	0
0	0
0	0
0	0
0	0
0	0
0	0
0	0
0	0
0	0
0	0
0	0
0	0
0	0
1	10635114
0	10635114
0	10635114
0	10635114
0	0
0	0
0	0
0	0
0	0
0	0
0	0
0	0
0	0
1	53727202
0	53727202
0	0
0	0
0	0
1	-4669377
0	0
0	0
0	0
0	0
0	0
0	0
0	0
0	0
1	-25108620
0	0
0	0
0	0
0	0
0	0
0	0
0	0
1	-23726070
0	-23726070
0	0
0	0
0	0
0	0
0	0
0	0
0	0
0	0
0	0
0	0
0	0
0	0
0	0
0	0
1	-13618283
0	0
0	0
0	0
0	0
0	0
0	0
1	19840800
0	0
0	0
0	0
0	0
0	0
0	0
0	0
0	0
0	0
1	-11075328
0	-11075328
1	-7836772
0	-7836772
0	-7836772
0	0
0	0
0	0
0	0
1	-8587410
0	0
0	0
0	0
0	0
0	0
1	15172830
1	9736540
0	9736540
0	9736540
0	9736540
1	28807735
0	0
0	0
0	0
0	0
1	-4537808
0	0
0	0
1	4021145
0	0
0	0
0	0
0	0
0	0
0	0
0	0
0	0
0	0
0	0
0	0
0	0
0	0
0	0
0	0
0	0
0	0
0	0
0	0
0	0
0	0
0	0
1	1065477
0	0
0	0
0	0
0	0
0	0
0	0
0	0
0	0
0	0
0	0
0	0
0	0
0	0
0	0
0	0
0	0
0	0
0	0
0	0
1	598705
0	598705
0	0
0	0
0	0
0	0
0	0
0	0
0	0
0	0
0	0
0	0
0	0
1	8665748
0	0
0	0
1	-11908250
0	0
0	0
1	-9949742
0	0
0	0
0	0
0	0
0	0
0	0
0	0
0	0
0	0
0	0
0	0
0	0
0	0
0	0
0	0
0	0
0	0
0	0
0	0
0	0
0	0
1	-14063869
0	0
0	0
1	5560576
0	5560576
0	0
0	0
1	-48613096
0	0
0	0
0	0
0	0
0	0
0	0
0	0
0	0
0	0
0	0
1	21083011
0	21083011
0	0
0	0
0	0
0	0
0	0
1	-43280217
0	0
0	0
1	26554765
0	0
0	0
0	0
0	0
0	0
1	-8978334
0	-8978334
1	-25174212
1	-11403559
0	-11403559
0	0
0	0
0	0
0	0
0	0
0	0
0	0
0	0
0	0
0	0
0	0
0	0
0	0
0	0
0	0
0	0
0	0
0	0
1	1631676
1	26875596
0	0
0	0
1	17503892
0	17503892
0	0
0	0
0	0
0	0
1	539220
0	539220
0	539220
0	539220
0	539220
1	1240317
0	1240317
0	1240317
0	0
0	0
0	0
0	0
1	-6448851
0	0
0	0
0	0
0	0
0	0
0	0
0	0
0	0
0	0
0	0
0	0
0	0
0	0
0	0
0	0
0	0
0	0
0	0
0	0
0	0
1	27096014
1	3346928
0	0
0	0
0	0
0	0
0	0
0	0
0	0
0	0
0	0
0	0
1	-3630836
1	46367
0	0
0	0
0	0
0	0
0	0
0	0
0	0
0	0
0	0
0	0
0	0
0	0
0	0
0	0
1	89530
1	-35144258
0	-35144258
1	-12448858
0	-12448858
0	0
0	0
0	0
0	0
0	0
0	0
0	0
0	0
0	0
0	0
1	-4662244
0	-4662244
0	-4662244
0	0
0	0
0	0
0	0
0	0
0	0
0	0
0	0
0	0
0	0
0	0
0	0
0	0
0	0
0	0
0	0
1	-13346058
0	-13346058
0	0
0	0
0	0
0	0
0	0
0	0
1	-2249936
0	0
0	0
1	3931074
0	0
0	0
0	0
0	0
0	0
0	0
0	0
0	0
0	0
0	0
1	-6883538
0	-6883538
0	-6883538
1	-5752501
0	0
0	0
0	0
0	0
0	0
0	0
1	-9226064
0	-9226064
0	-9226064
0	0
0	0
0	0
0	0
0	0
0	0
0	0
1	-15029683
0	0
0	0
0	0
0	0
0	0
0	0
0	0
0	0
0	0
0	0
1	6824444
1	11862424
1	13505164
0	0
0	0
1	-28210590
0	-28210590
0	-28210590
0	0
0	0
0	0
0	0
0	0
0	0
0	0
0	0
0	0
0	0
0	0
0	0
0	0
0	0
0	0
0	0
0	0
0	0
0	0
0	0
0	0
0	0
0	0
0	0
0	0
0	0
0	0
0	0
0	0
0	0
0	0
1	8576752
0	0
0	0
0	0
0	0
1	34425844
1	38068298
0	0
0	0
0	0
0	0
0	0
1	-11500789
0	0
0	0
0	0
1	37095669
0	0
0	0
0	0
0	0
0	0
0	0
0	0
0	0
0	0
0	0
0	0
0	0
1	14316720
1	3320972
0	0
0	0
1	-25517336
0	0
0	0
0	0
0	0
0	0
1	8292000
0	0
0	0
0	0
0	0
0	0
0	0
0	0
0	0
0	0
0	0
0	0
0	0
0	0
1	23979300
0	23979300
1	46741500
1	53451458
0	53451458
0	0
0	0
0	0
0	0
0	0
0	0
0	0
0	0
0	0
0	0
0	0
1	-38326272
1	-55009008
0	0
0	0
0	0
1	-31973425
0	0
0	0
0	0
1	26896000
0	0
0	0
0	0
0	0
0	0
0	0
0	0
0	0
0	0
1	-26162636
0	0
0	0
0	0
0	0
0	0
0	0
0	0
0	0
0	0
0	0
0	0
0	0
0	0
0	0
0	0
0	0
0	0
0	0
0	0
0	0
0	0
0	0
0	0
0	0
0	0
0	0
0	0
0	0
0	0
1	3568333
0	0
0	0
0	0
1	19403325
0	19403325
1	12082311
1	16222503
0	16222503
0	0
0	0
