x	         x
0	         0
0	         0
0	         0
0	         0
0	         0
0	         0
1	 -15890156
1	 -11703506
0	 -11703506
0	 -11703506
1	 -14136958
0	 -14136958
0	 -14136958
0	 -14136958
0	         0
0	         0
0	         0
0	         0
0	         0
0	         0
0	         0
0	         0
0	         0
0	         0
0	         0
0	         0
0	         0
0	         0
0	         0
1	 -38086332
0	 -38086332
0	 -38086332
0	 -38086332
0	 -38086332
1	 -24930102
1	 -73840090
1	 -58713100
0	 -58713100
0	 -58713100
0	 -58713100
0	 -58713100
0	 -58713100
0	 -58713100
1	 -71281698
0	 -71281698
0	 -71281698
1	 -66572278
0	 -66572278
0	 -66572278
1	 -64877798
0	 -64877798
0	         0
0	         0
0	         0
0	         0
0	         0
0	         0
0	         0
0	         0
0	         0
0	         0
1	 -39642085
1	 -79987715
1	 -85555193
0	 -85555193
0	 -85555193
0	 -85555193
1	-120564045
0	         0
0	         0
0	         0
0	         0
1	  20422560
0	  20422560
0	  20422560
1	  63174864
1	  34391130
0	         0
0	         0
0	         0
1	    302876
1	 -14182624
0	         0
0	         0
0	         0
1	   3085936
0	         0
0	         0
0	         0
0	         0
0	         0
0	         0
1	   1779822
0	         0
0	         0
0	         0
0	         0
0	         0
0	         0
0	         0
0	         0
0	         0
0	         0
0	         0
0	         0
1	  -1648185
0	         0
0	         0
0	         0
0	         0
1	 -50991550
1	 -17333926
1	 -17173790
1	  23209260
0	  23209260
1	  57379260
1	  80396886
1	 102418923
1	 127582275
0	         0
0	         0
0	         0
0	         0
0	         0
0	         0
0	         0
0	         0
0	         0
0	         0
0	         0
1	  -5501880
0	  -5501880
1	  -6212114
0	  -6212114
0	         0
0	         0
0	         0
0	         0
1	   9022988
1	  33711148
1	  52744213
1	  50035711
0	  50035711
1	  94031267
0	  94031267
1	 124047232
0	 124047232
0	 124047232
0	 124047232
1	 134217727
0	 134217727
0	         0
0	         0
0	         0
1	 -46238225
0	 -46238225
0	 -46238225
0	 -46238225
1	 -43504241
0	 -43504241
0	         0
0	         0
0	         0
0	         0
1	 -35804169
1	 -39919059
0	 -39919059
0	         0
0	         0
0	         0
0	         0
0	         0
0	         0
0	         0
0	         0
0	         0
0	         0
0	         0
0	         0
0	         0
0	         0
0	         0
0	         0
0	         0
1	  -3614055
0	  -3614055
1	  47826986
1	  44982170
0	  44982170
1	  40470530
0	  40470530
1	  32167025
0	  32167025
1	  31842239
0	         0
0	         0
0	         0
0	         0
1	   1309328
0	   1309328
0	   1309328
0	   1309328
1	  -4867297
0	         0
0	         0
0	         0
0	         0
0	         0
0	         0
0	         0
0	         0
0	         0
0	         0
1	  13172863
1	  13108858
1	  40357321
1	  52784973
1	  77057995
0	  77057995
0	  77057995
0	  77057995
0	  77057995
1	  47586799
0	  47586799
1	  37631547
1	  57432273
0	  57432273
1	  58548107
0	  58548107
1	  59180507
1	  65434703
1	  26936419
0	  26936419
1	  63451703
0	  63451703
0	  63451703
1	  72259754
1	  75332691
1	 127804395
0	 127804395
0	         0
0	         0
0	         0
0	         0
0	         0
1	 -17294158
0	 -17294158
1	 -15428453
1	   4073479
0	   4073479
0	   4073479
0	         0
0	         0
0	         0
1	 -54999566
0	         0
0	         0
0	         0
0	         0
0	         0
0	         0
0	         0
1	  41464584
0	  41464584
1	 103629168
0	 103629168
0	 103629168
0	 103629168
0	 103629168
0	 103629168
1	 118756995
0	 118756995
1	 114474395
0	 114474395
1	  87394321
1	  95086641
0	         0
0	         0
0	         0
0	         0
0	         0
0	         0
0	         0
0	         0
0	         0
0	         0
1	  20246762
1	 -13505356
0	 -13505356
1	 -36586717
1	 -10050745
0	 -10050745
1	  14799291
0	         0
0	         0
0	         0
0	         0
0	         0
0	         0
0	         0
1	  -7829790
0	  -7829790
0	  -7829790
0	  -7829790
0	  -7829790
0	  -7829790
0	  -7829790
0	  -7829790
1	 -50134810
0	 -50134810
1	 -53783277
1	 -66084333
0	 -66084333
1	 -43275295
0	 -43275295
0	 -43275295
0	 -43275295
0	 -43275295
1	 -39976285
0	 -39976285
0	 -39976285
0	 -39976285
1	 -40739305
1	 -43870841
1	 -33827047
0	 -33827047
0	 -33827047
0	 -33827047
1	 -31338407
0	         0
0	         0
0	         0
1	    141318
0	    141318
0	    141318
0	         0
0	         0
0	         0
1	  18398568
0	         0
0	         0
0	         0
1	   5358782
1	   -256369
1	  -7383359
0	  -7383359
0	  -7383359
0	  -7383359
0	  -7383359
1	 -17033877
1	 -14940132
0	 -14940132
1	  -3091182
0	  -3091182
1	 -21026232
0	 -21026232
0	 -21026232
1	 -22113987
0	 -22113987
0	 -22113987
0	 -22113987
0	         0
0	         0
0	         0
0	         0
1	   9435930
0	   9435930
0	   9435930
0	   9435930
1	  13751018
1	 -16044740
0	 -16044740
1	 -33898327
0	 -33898327
1	 -30352647
0	         0
0	         0
0	         0
0	         0
0	         0
1	  17323527
1	  43151511
1	  14979693
0	  14979693
1	  16904493
0	  16904493
0	  16904493
0	  16904493
0	  16904493
1	  -6421935
1	  28859515
1	  41487291
0	  41487291
0	  41487291
1	   8338122
0	   8338122
0	   8338122
1	   3865565
0	   3865565
0	   3865565
1	  -1725433
0	  -1725433
0	  -1725433
1	 -16434601
0	 -16434601
1	  16327023
0	  16327023
1	  -5576868
1	  -4684082
0	         0
0	         0
0	         0
0	         0
1	   4341430
0	   4341430
0	   4341430
0	   4341430
0	   4341430
1	    309220
0	    309220
0	    309220
1	  -9233942
0	  -9233942
1	  -7583169
1	   5107583
0	   5107583
1	  -1722493
0	         0
0	         0
0	         0
1	   -987005
0	   -987005
0	         0
0	         0
0	         0
0	         0
1	  20871528
0	         0
0	         0
0	         0
0	         0
1	 -21445740
1	 -42105721
0	 -42105721
0	 -42105721
0	 -42105721
1	 -36358441
0	 -36358441
1	-100654183
0	-100654183
1	-134217728
1	-134217728
1	-125637121
0	-125637121
1	-127038785
0	-127038785
0	         0
0	         0
0	         0
0	         0
1	   7206136
1	  24443842
1	  81924322
0	         0
0	         0
0	         0
0	         0
1	  -5694018
1	 -17820354
0	 -17820354
0	 -17820354
1	 -16843168
1	  22494365
1	   9217086
1	  24460866
0	  24460866
0	  24460866
1	  49167259
0	  49167259
0	  49167259
1	  48452888
1	  14745476
0	  14745476
0	  14745476
0	  14745476
0	  14745476
0	  14745476
0	  14745476
0	  14745476
1	  23959052
1	  18885531
1	  14734937
1	  21611609
1	  -3474241
1	  -8131476
0	  -8131476
0	         0
0	         0
0	         0
1	   2577312
0	   2577312
0	   2577312
0	   2577312
1	 -32672628
1	 -61726926
0	 -61726926
1	 -60186505
0	 -60186505
1	 -76712201
0	 -76712201
1	-100779876
1	-101515264
0	         0
0	         0
0	         0
0	         0
0	         0
0	         0
1	  -1598571
0	  -1598571
0	  -1598571
0	  -1598571
0	  -1598571
0	  -1598571
1	   3660858
0	   3660858
0	   3660858
1	 -14745668
0	 -14745668
1	  -1897640
1	 -41070578
1	 -41188328
1	 -37844009
0	         0
0	         0
0	         0
1	 -13998075
0	 -13998075
0	 -13998075
1	 -15569113
0	 -15569113
0	         0
0	         0
0	         0
1	    -55883
1	  -2558540
1	 -27577556
1	  -9930681
0	  -9930681
0	  -9930681
1	  15722091
0	  15722091
1	   1464667
0	         0
0	         0
0	         0
0	         0
0	         0
0	         0
1	  22442042
0	  22442042
1	  39824446
1	  12667831
1	  22187407
0	  22187407
1	  14840809
0	  14840809
0	  14840809
1	  42856109
1	  15309922
1	 -10225714
1	 -12540383
0	 -12540383
1	 -58303003
1	 -63068569
1	 -74688793
1	-112335981
1	 -98771681
1	-102912646
1	 -74321798
0	 -74321798
0	 -74321798
0	 -74321798
0	 -74321798
1	-117522126
1	 -79283016
0	 -79283016
1	 -91021767
0	         0
0	         0
0	         0
0	         0
1	   2206848
1	  11694130
1	   3843518
1	 -40428388
1	 -54050148
0	         0
0	         0
0	         0
0	         0
0	         0
0	         0
0	         0
1	  24314478
1	  37925964
1	  37903210
0	  37903210
1	  20285962
0	         0
0	         0
0	         0
1	  -1015630
1	 -25455481
1	 -32986087
1	 -25192591
1	 -27942591
1	   4525053
0	         0
0	         0
0	         0
0	         0
0	         0
0	         0
0	         0
0	         0
0	         0
0	         0
1	  -5647360
0	         0
0	         0
0	         0
0	         0
0	         0
0	         0
0	         0
0	         0
0	         0
0	         0
0	         0
0	         0
1	 -10278400
1	   -957878
0	   -957878
0	   -957878
0	         0
0	         0
0	         0
0	         0
0	         0
0	         0
1	   1072091
1	   6459845
0	   6459845
0	   6459845
0	         0
0	         0
0	         0
1	 -24767372
1	 -14482812
0	 -14482812
1	 -10819418
0	 -10819418
1	 -62816128
1	 -67558498
1	 -47666650
1	 -78973898
0	 -78973898
1	 -40761474
0	 -40761474
1	 -19397745
1	 -12891114
0	 -12891114
0	 -12891114
0	 -12891114
0	 -12891114
0	 -12891114
1	 -24099102
1	   4368276
0	         0
0	         0
0	         0
0	         0
0	         0
1	 -15368173
0	 -15368173
0	 -15368173
0	 -15368173
0	         0
0	         0
0	         0
0	         0
0	         0
0	         0
0	         0
0	         0
1	  11390405
0	  11390405
1	  20058208
1	  57692908
0	         0
0	         0
0	         0
0	         0
0	         0
0	         0
0	         0
0	         0
0	         0
0	         0
0	         0
1	  -7356456
1	  -4938117
0	         0
0	         0
0	         0
1	  -1539438
0	  -1539438
0	  -1539438
0	  -1539438
0	         0
0	         0
0	         0
0	         0
1	  31787920
1	   8702215
1	  51681015
0	  51681015
1	  54615233
1	  65350614
0	  65350614
1	  68150198
0	  68150198
1	  59358598
0	  59358598
1	  75473428
1	  87694052
1	  88291387
0	  88291387
0	  88291387
0	  88291387
0	  88291387
0	         0
0	         0
0	         0
0	         0
1	  10652404
0	  10652404
0	  10652404
1	   5537224
1	 -20317363
1	 -29257153
1	 -28658340
0	 -28658340
0	 -28658340
0	         0
0	         0
0	         0
0	         0
0	         0
0	         0
0	         0
0	         0
0	         0
0	         0
0	         0
1	   1573176
0	         0
0	         0
0	         0
0	         0
1	 -12815376
0	 -12815376
1	  14826812
0	  14826812
0	  14826812
1	  25340846
1	  27126926
0	  27126926
1	  24521126
1	  31629767
0	  31629767
0	         0
0	         0
0	         0
1	  33480300
0	  33480300
0	         0
0	         0
0	         0
1	  -2595320
1	    376693
0	    376693
0	    376693
0	    376693
1	   6464733
0	   6464733
0	   6464733
0	   6464733
0	   6464733
1	   7701193
0	   7701193
0	   7701193
0	         0
0	         0
0	         0
0	         0
1	     -4152
1	  -3087468
1	  -9854391
1	  -1545391
0	  -1545391
0	  -1545391
0	  -1545391
0	         0
0	         0
0	         0
1	    -18600
1	 -56514494
1	 -63401804
0	 -63401804
1	 -59782370
0	 -59782370
0	         0
0	         0
0	         0
0	         0
0	         0
0	         0
1	  14521206
0	  14521206
0	  14521206
0	  14521206
1	  18490448
0	  18490448
0	  18490448
0	  18490448
0	  18490448
0	  18490448
1	  16393124
0	  16393124
0	  16393124
1	 -44045986
0	 -44045986
1	 -60898976
0	 -60898976
0	 -60898976
1	 -62188602
1	 -26848332
1	 -65586522
0	 -65586522
0	 -65586522
1	 -33900885
0	         0
0	         0
0	         0
1	  11339776
0	  11339776
1	  21010788
0	  21010788
1	  19750340
0	  19750340
1	  42100454
0	         0
0	         0
0	         0
0	         0
0	         0
0	         0
0	         0
0	         0
0	         0
0	         0
0	         0
1	  18235780
1	  40169684
0	  40169684
0	  40169684
0	  40169684
1	  86819804
1	  80011167
1	  86564067
0	  86564067
0	  86564067
1	 100754195
1	 117751787
1	 113850372
1	 103688404
1	 105973701
0	 105973701
0	         0
0	         0
0	         0
1	  40420311
1	  -7875516
1	 -11141116
1	 -35554963
0	 -35554963
0	 -35554963
1	 -19755271
1	  10587755
0	  10587755
0	  10587755
1	   1528601
0	   1528601
0	         0
0	         0
0	         0
0	         0
0	         0
0	         0
0	         0
0	         0
0	         0
1	   4083120
1	  15738071
1	  43706675
1	  24766717
1	  20737720
1	  23367620
1	  49580530
0	  49580530
0	  49580530
0	  49580530
0	  49580530
0	  49580530
0	         0
0	         0
0	         0
1	   -184253
0	   -184253
1	 -10240637
1	   5679787
1	   4034299
1	   4901767
1	   8858791
0	   8858791
1	  -7370513
1	   9890738
1	  56970764
1	  26034240
0	  26034240
0	  26034240
0	  26034240
0	  26034240
1	  25246452
1	  13545126
0	  13545126
1	    159679
0	         0
0	         0
0	         0
0	         0
1	 -48667920
0	 -48667920
1	   5972464
0	   5972464
1	 -21705032
0	 -21705032
0	 -21705032
0	 -21705032
1	   1942900
0	   1942900
0	   1942900
0	   1942900
1	 -27123887
1	 -55851754
0	 -55851754
1	 -46198722
1	 -53536170
1	 -69204930
0	 -69204930
1	 -95236462
1	 -95206462
0	         0
0	         0
0	         0
0	         0
0	         0
1	  43758520
1	   9682517
0	   9682517
0	   9682517
0	   9682517
1	  11763323
0	  11763323
1	  -6509977
0	  -6509977
1	  -9194757
0	  -9194757
1	  -6925281
0	  -6925281
1	  22027935
1	  -2932077
0	  -2932077
0	  -2932077
1	  -6883124
1	   7113570
0	         0
0	         0
0	         0
0	         0
