0
01011000100110
10101001110111
0
0
10100110110001
00010010100110
1
1
01011010000100
11100100111010
1
1
00101111010001
11111100010010
1
1
11110011100011
10110101111010
1
0
00100110010101
01100010010000
1
0
10001100111010
00001010000001
1
0
00100000110111
11000111100101
0
1
11001001000111
10111101111001
1
1
11010111000011
01110100111111
1
1
11010001101110
11110001000010
0
1
00010010000001
11101010000011
0
1
01010101001011
11101101000010
1
0
00010001100011
01001101100001
0
1
11000001010110
01101010100111
1
0
10000110101011
11111110111011
1
1
11111100100100
10001011111000
1
0
00001110111000
00010110011101
1
1
10011101111001
11011011001101
0
1
11010110000010
10110110011110
0
0
01001000101101
00000101100010
1
0
10011101101100
11100100111011
0
1
11000001010101
10111010100100
1
1
00100011000010
00000010010110
0
1
01101111011001
00011001101001
1
0
10011110011101
10000000100100
0
1
11000000110110
11100110101010
1
0
00001010011001
01001000011001
1
0
01011001010111
01101111111111
0
1
00000001011010
00111010001101
1
0
00101111001001
01010011110000
0
1
00111110110100
00100011110110
1
1
00010110011000
10111000000001
1
1
11110010000101
00101101010110
1
0
11011001101100
10001110000001
1
0
10011001111001
00111101001000
0
0
10101001111110
11000111100011
1
1
01101011100110
01100110000110
0
0
11000101000100
10101100111011
1
1
00100110010000
01010000111110
0
1
11100100001100
11010010000010
0
1
11011000010111
01011001001100
0
1
01110001110010
11011010101001
0
1
00000101101100
10110000010000
1
1
11100110001100
11111100001111
1
1
01110011110000
10111011011001
0
0
01011011111000
00010010101111
0
0
01011000011111
11110110101000
1
1
00010010100110
01100011101111
1
0
10100100000011
01111110010101
0
0
11011011011010
11100111011101
1
1
01001101000001
11000000011100
0
1
01010101000001
10100100010011
1
0
10101110101100
11111111110111
0
0
01100001011100
11011000011111
1
1
01110100110100
10011010000010
1
1
11001110010101
10001100000111
1
1
00100000010110
01110110110101
1
1
10000011111110
11001000010011
0
1
10110100110000
10011000110010
1
0
10100001011110
11111101101000
1
1
00010110001001
01101100101110
1
1
00101000010011
11000111110110
1
0
01001111111011
01111110011011
0
0
01011011101101
01010001101100
0
1
01110101111001
11110001111011
0
1
00110010010011
01100000011010
0
1
00011101011111
00100100100000
1
1
10000101001000
11101011100100
0
0
11011101000001
00001001000011
0
0
00010010000011
11001100100110
0
1
00111001011101
00100000101011
1
0
11001111010010
10111111000110
0
1
11011001110100
01101001010100
0
1
11111011001000
00010000111101
0
1
10110111000011
00111110011110
0
0
00001100001001
01011001010001
0
0
00111011001000
10101111001011
1
0
00000001011101
01000101100000
1
0
00111110011101
00110110110110
1
0
00001011011011
00010010001111
1
0
00001100100000
11010000001111
0
1
10100010010100
11111000010110
1
1
10010000000011
11110111100001
1
1
11000100100100
01111000011001
0
1
10001000001010
11100001101011
0
0
10110010010111
00010101001100
1
0
00001000111001
11000101110101
0
1
10010001101101
00111001100110
1
0
01110000111111
10001111001111
1
1
00100111000010
10111110100000
1
0
10001000101001
01110000110110
1
0
10000110000010
00110000010100
1
0
01100010110111
11110111111100
0
0
11111010111111
01001000001011
1
1
01100001100110
00100010110101
1
1
11100011100100
10100011100111
0
1
01100001011001
10000011000000
1
1
10110000101010
10100101100101
1
0
00001100101001
00111110000110
0
1
01011001101000
10101000011111
0
1
01111000001000
00110101001111
0
1
11101011100001
00010100111000
0
1
11001000110001
01010010100110
1
0
11010011100001
01011100110101
0
1
10001101011101
10010110000001
0
0
01010101100000
10000001000101
0
1
00001010010000
11000100110100
0
1
11010001001100
01001001001111
1
1
01010110111101
10101011100111
1
0
01110010100001
00011011011010
0
0
01000111111110
10001000110001
0
1
11110010000110
11011010000101
1
0
01101100110100
11010010010101
0
1
10010000011001
01110100110010
1
0
11110010100001
10010011011100
1
1
01001001010001
10111001110010
0
1
01111101101000
10111010001010
0
0
11101110010101
10001101010100
0
1
10111010000000
01010001010101
1
0
01101111001110
00000111100111
1
1
11101101011111
01111000101111
1
0
01110000111110
01011100110011
0
1
01110011100111
10000111101110
1
1
01110001110011
11111001011100
1
0
01110010011110
10000100101101
0
0
10010001111110
10101011001010
1
1
00100000101101
11100010101111
0
1
01110010000100
11011100000001
0
0
10100111001010
11101110101100
0
1
10110100111000
01011000111010
1
1
11100101110100
10011000100001
1
1
01101111011101
11000001000001
0
1
01111011011011
01110111000011
1
1
11001011010001
11111111010101
0
1
00011010000100
01011000000001
0
0
10100010000101
00110101101000
0
0
01100110111110
10111010000111
0
1
00000111011001
11010000000001
0
1
00001011111101
01011010011100
0
1
00111001110001
10010011110011
0
0
01110111000101
10100011010110
1
1
01111000010110
01001110101111
1
0
10111011001011
10001011110011
0
1
11111010011001
00110011111001
1
0
01010001101110
10101000010110
1
0
01001011101101
11001111011100
0
1
01010111000010
01111110001110
0
0
00011101100000
11000100001001
0
1
01110011000100
11000111011001
0
0
01101100000100
11011111001101
1
1
11010111001010
11100000110011
1
1
11111101100011
10010100111110
0
0
10000110011110
11110001111000
0
1
00111011010111
01010000100010
0
0
11100010111000
00000000111100
1
1
01010001001100
10110001010101
0
0
01101100011000
10111010011100
0
0
01111110110100
10011111111100
0
0
11110100110101
01110001101001
1
0
00010100111101
11100001110001
0
0
00110000011101
01110111110110
0
1
01100101010111
00101101010101
1
0
00101000010101
00111101001001
0
0
01010001001110
11111100001010
0
0
10011100011000
01111111000000
0
1
00010110001100
00011011000011
1
0
11111000000010
10011111101001
0
0
01010011001010
01001110100111
1
1
10001110101100
11001000001111
0
1
01010010101100
00000000100011
1
1
00110100101110
01110100011010
0
0
01110110100001
10111011110001
1
1
00111011100101
11110110000000
1
0
01100000101100
11100010010001
1
1
11100101110100
11011110100110
1
0
00100010000011
00010101111000
1
0
10011110001100
11010000110100
0
0
10001110111101
10010101100001
0
1
01110000100011
00100110100011
0
0
11000111111000
10100000100110
0
0
10011011000110
10001010110000
1
1
10110010001010
11001011111101
1
0
10101000011100
11100100010000
1
0
11000100111111
10011001000011
1
1
00110010001110
00000000011010
0
1
11001111100100
00010111011101
1
0
00010111110111
00101110000001
0
1
11101100101010
00001011001101
0
0
00111100001100
00011101101010
0
0
00111011100100
11011100000010
0
0
10010001001100
01110100001111
1
0
10001000011111
00111101011011
1
0
11000011111110
01011111011101
1
1
11111001001011
01110110111010
0
0
10101011000010
10100110111100
0
0
01111100010011
10000110100001
0
0
00110000010010
11001011110110
1
0
00010000100010
10000000000000
0
0
11000011111100
00000000010001
1
0
01011100011110
01001001000110
1
0
10001101001110
10111111101110
0
1
00010100110010
01000110000010
0
0
01001011110010
10001011110011
1
1
01001110110011
00110100111001
0
0
00011111111010
00011110011111
1
1
10110010110110
11101010110111
1
0
01110011101111
10010101000111
0
1
01001111100001
00010011010001
0
0
01100000110101
01011110000001
0
1
11111000000100
01100010100011
1
0
11101111000000
00111011100011
0
0
10011011011110
10110000111100
0
1
11011011111110
11001000110111
0
1
00001011000011
11111011011010
0
0
00111000110100
10001000100001
0
0
11000000100001
11010111010010
1
0
11101011100001
01010101101011
1
0
10100000001111
00110111111110
1
0
00100110011000
11000101110011
0
1
10101100110010
11000001010010
1
1
00001000101011
01111100001010
0
1
01010011101110
11000110111100
0
1
10001000001010
01010100110100
1
1
11000001010001
10011000001010
1
0
11000010100000
00100111011110
1
0
10111100001110
01010111100101
1
0
01100110110010
01010101100011
0
0
00010000101100
10110101111101
0
1
00001111101011
10110110001100
1
0
11100100001100
00011101111000
0
1
11001010010100
10001001000111
1
1
11000000100001
11011111011100
1
1
00100001111010
00101001110011
1
1
11101000001110
01011011100110
0
0
00011000100001
11011100011001
1
1
10000111100010
00111100101011
0
1
01110101101101
11000101110110
0
1
00101000101011
11111100001101
1
1
01101010111000
01010101010000
1
1
01000111010100
10100110011010
0
0
01011001111000
10000110110011
1
1
01000101011000
01001100011010
1
1
11000010101011
01100000011000
1
0
11111111000001
10100101101111
1
1
01110010101001
11011000001010
1
1
00011101011010
01001101000100
1
0
00100101111010
11110110011010
0
0
11110110001001
00010111101010
0
0
00001111001110
00010001110010
1
1
10011110001000
00111001010001
0
0
01110100010100
00010101000110
1
1
00001111001100
01001101101000
1
1
11001010101110
00000100100001
0
0
01101000001011
00100001010100
0
0
11110000010101
00001001011011
0
0
00000110000001
01111111100000
0
1
01011000101010
10001111101011
1
1
01000100110010
11000111011100
0
1
00101011111110
00011001100111
1
0
11110000011100
00101100000000
0
1
00101110101010
10110110011111
1
1
00111000011110
01010011111110
1
1
11010111000011
11100001110010
1
0
10010001111101
11011100011010
1
0
00100111000101
11010110101101
0
1
01010111110011
11000100000011
0
0
00101101110101
10011101010011
0
1
01000001111010
11111101111011
0
1
00111010100111
11001000110000
1
1
11001000001111
01010010101001
0
1
11100001100000
01000101011001
0
1
00101010111110
11010001011110
1
1
11001110001100
00010000010100
1
1
11110010110101
01011101001011
1
1
01100100010111
00101111101111
0
0
11100110011101
11101101100101
1
1
00110110100000
10101111011010
0
0
01110111111000
01010110001000
0
1
10100011000111
11011100011111
1
1
11001011011011
11101100100010
1
0
01000011001111
00110011100011
0
0
11000011000011
01000101111101
0
0
10101001000100
11111111010111
1
0
11101010011010
10111100110010
0
0
10100100011110
00011011100001
1
0
11001101000011
00011001100111
0
1
11100011010010
11000111100010
0
0
00001011111000
01011010110010
1
0
11011001101110
10000001001111
0
1
11010111111111
01111100110101
0
0
00101001110011
00100100000111
0
0
01001101101000
00101101010011
0
1
11000111011100
00101000010100
1
0
11111100001011
11010100011100
1
0
11011010100001
11011011110010
1
1
00010001011011
11011101110001
0
1
01001111000001
01101011001011
0
0
11010011111100
11000111010001
0
1
01110111000000
01111110000000
0
1
00110000111011
01010100001001
0
1
10000010011110
00011011000100
1
0
00111011010010
11111110001101
0
0
11100100100100
00101100000110
1
1
00000101010011
11010101001101
0
0
11011011001001
11000101111011
0
0
00011110100001
11010001110111
0
1
01111010010100
10010101011101
0
0
10111100110111
11110100110011
0
0
01000100100001
00001011000000
0
0
01100001011000
01000111000000
0
0
01000011010100
00010010011000
1
0
11001001100000
01010011110010
1
0
01011100011110
11100011011111
0
1
10000110001011
00001100101001
1
0
10100111111100
01110101001110
1
0
00110101111101
01101011000000
0
1
11110100000100
01001000111110
1
0
01011101000110
10000000111010
1
1
11101100000101
11100101111000
0
1
10000010110100
00111000000001
1
0
01100010010010
01100111000101
1
1
00111000000011
10111000101111
0
0
11011100111000
00001011011101
0
1
00110001000111
01100001010001
0
0
10010110001000
01100000000111
1
0
01000111101110
11110000111100
0
1
10111100010001
11111100000000
1
1
10101010010111
10110101111100
1
0
10000010011000
00100111001010
0
1
01100111011111
10010011111100
0
1
01000000011010
00101001111000
1
1
10001110101100
10100100000100
0
1
01001100001010
01011100011101
0
1
11010101101010
10000000101011
0
1
10111010100011
00000010010111
1
1
01001011001101
10110010010011
1
1
10000001010001
01010110111011
1
0
11000010111101
10001110011000
0
0
01110111000101
11010100111000
1
0
00110100100101
10100010100000
0
1
00111000100010
00011000010110
1
1
10001111011010
10110011010101
0
0
00111111100001
00100101010111
0
1
01111011000101
11110111100000
0
0
10111001010100
11111010000000
1
1
10011010000011
01100010100000
0
1
00110001000000
01000101111011
0
1
01001011100010
00001010010100
1
0
11110111011110
01110111011110
1
0
00101010010000
01110011111101
0
0
10110000011101
11010111010110
1
0
10110110011000
11100011011111
0
0
11110101010101
11010111000111
1
0
00110111010111
00010110010110
0
1
00100101010101
01011010000111
0
0
10100101000011
00010000010101
1
0
11010101100001
10011110000001
1
1
11011111000011
10101000100011
1
0
00010001001010
10101011010001
0
0
00001001110100
11111010111010
1
1
11100000111101
00010000000011
1
1
01010000001110
01001010111010
1
0
11100101001000
01000010000101
0
1
11011111100110
01100110110100
0
1
00100110001011
10011111111110
1
0
01110010101111
01010110011100
1
1
01100100111000
10000110111001
1
1
01011110010111
10000010010110
0
1
01011010011100
01001100011100
0
1
11110010001011
10001111011010
0
0
01111101011011
11101111100110
0
0
00011010111110
11011110110100
1
1
00011101110110
01110110100110
1
0
00100110001011
11001100101101
0
1
00010110110100
11100001011100
0
0
01110010110011
11010101000011
1
0
10111101010110
10111010010100
0
1
10110001011010
10000111111010
1
1
01000011111010
11101111000100
1
0
10010000011101
01001000100011
1
1
10000110111111
11111110011010
0
1
01110000100101
11110100001101
1
1
11111111001001
11000100001101
0
0
01101001000001
01011100100111
0
0
00100001001001
00110000111000
0
1
01010110010110
10011011001101
1
1
11010010010001
00000010101101
1
1
10010001110100
01100110110011
0
1
11101111000001
01100110111000
1
1
00010000000010
11010010001101
0
1
11011101110111
10010111111101
1
1
01000101101110
01111111001110
0
0
01000001110001
10001110000000
1
0
10011011000001
00101010010001
1
1
11101111111100
11110001101011
1
1
10100000100001
10111000011110
0
0
00000011101100
10000011100110
1
0
00001001110101
01000101111001
1
0
01000000001011
00110111100110
1
0
01110111100101
10100010111110
0
0
00110001111101
10101011111100
0
0
11001011111001
10000101100000
1
1
10111001110110
10001101101100
0
0
10000011001100
11000011100101
0
1
01110010010110
01000111001110
1
1
10000110011101
00100101111101
0
0
10101000011010
01011100010100
0
0
10100110001101
10101101010111
1
1
11001100101111
01101100101100
0
1
01111011011000
01000001000100
1
0
11011111000110
00010111100111
1
0
00110011101010
01110011001101
0
1
00100001110100
11110010011110
1
0
01001000001111
11000100101101
0
0
11000011010101
10100000011001
0
1
01100100110100
10110110001000
1
0
11101001010101
00100100001010
0
0
01111011010000
00100100111111
1
1
11100001011001
01011100101100
1
1
01101010110100
11110101011011
1
0
01110111000111
10000111111110
0
1
11100000000010
10010011100001
0
1
11100000011010
00111100010010
0
1
01001010011001
11011110001111
1
1
01000000000100
00100100011001
0
1
11110100100100
00111101000101
0
1
00111000111110
01011001000001
1
0
01100100001100
11000011001111
1
0
11010010111111
11100011010010
1
0
01101101001000
00111001000111
0
0
00000011111101
01111011000111
0
0
11001011001101
10111101111001
0
1
11000010010101
00110101001001
0
1
10001010010100
10011000001110
0
0
00010000011011
00111110011111
1
1
01110001011100
00101010001110
1
1
11101000100000
10111111101111
1
0
01000011001100
00010010000011
0
1
10110111001101
11101011001110
1
1
11100101101010
00111100111010
0
0
11110001100000
10010100000111
1
0
01111000001101
11010011010101
0
0
01010110100001
00101000001011
0
1
10100011001110
10111011100011
1
0
01111011111101
10111011100000
1
0
11011101010101
01100101101010
0
1
01010100110010
11010111011100
0
0
01101111001111
11000011011111
0
1
00111110101110
10011010110001
1
0
11110000110110
11001110111011
1
1
01010101111101
11011100010110
0
1
11000000101001
10000000110101
0
0
00001101001100
10110000110110
1
1
10111110001110
00101111001011
0
0
11000111100110
11101001101000
1
0
00011010100010
10111011010101
0
0
01111110011101
10110001111100
1
1
11111000000001
01001010111100
1
1
11111010110100
01011011000101
1
0
00101001001110
10010000100110
1
0
01010110110110
00111011110000
0
1
10000111010000
00101111111000
0
0
00000010101010
11100011010001
1
0
11111110110101
00111110101010
0
0
00011000000111
10010111001000
1
1
11000101101011
01100010101110
0
1
01110111000000
00100011011100
0
1
10111011010110
00000011111001
0
0
10110000010011
10010011111111
0
1
10010100100110
01101111110101
0
1
10101101000000
00110100001000
1
0
10110011100011
11101001000101
1
1
10010011111100
00110011001000
1
1
01110011010111
10001110000101
1
1
00111100110111
10111011001000
0
1
10110100010011
11001100000100
1
1
00101110001000
01100000111001
0
1
10010101010100
11010110010110
1
1
01011011000110
10111101001000
1
0
10010110000101
01001100111100
0
0
00001011111001
11110010001101
0
0
00100001000011
00100000001110
0
0
00101011111010
10110000101010
1
1
01100100111110
10010010010000
1
1
01111000011001
10110001111100
0
1
10101001001001
10001010001010
0
1
01001011101101
01110001011110
1
1
10011001010010
11100001011110
1
1
11001110101101
11000100010010
1
1
01110101001110
11000001100001
1
0
10100010110000
00001010101100
0
1
01011111110101
01100001110110
1
0
01001001001000
00011110110100
1
1
10010010111011
11111101000100
1
1
11100111110000
11011111111011
1
1
10010111111001
10110110101110
1
0
01010011011000
01010011101001
1
1
10001110101111
01110010101111
0
0
00111111010001
11001000110100
1
0
00001111110011
11011110111110
1
0
10101001001011
01110100001110
1
0
10101010101011
11001001001110
0
0
00111101011000
01100011010100
0
1
10110101000100
00011110010001
0
0
00101011001000
11011100100000
0
1
10010011010100
10111010101000
0
0
01001001000001
11101010111100
1
1
01110101000001
01110000000100
1
1
10000001000110
01100111010100
1
0
11011100010010
01001111100000
0
1
10100001100010
11001000101001
1
0
10000011100000
00010100011011
1
0
01000111101000
00010001111000
0
1
10111100101010
11011010101101
0
1
00100011000110
10010000001110
0
0
00111101100001
00011110011011
0
1
10100010100100
00010111101010
0
0
10000100011011
00011101000100
1
1
10000110111000
00101101111010
1
1
10111100101101
10011111110100
0
0
11110110011001
01101110011001
1
1
10001010011011
01000000110101
0
0
10011110111000
11001001000110
1
1
00010100100001
10100101011100
1
1
10001110011000
01110110101100
1
0
01011011110101
10111011011110
0
1
10100011100010
10001110010111
0
1
10010100010000
11101110100010
1
0
10110111000011
00111001000011
1
0
11101001001100
00010010000000
1
0
01000100011100
01101000100000
0
1
11001111110100
10110111010101
0
1
10001101111011
10010110101101
0
1
10011011111100
11001000011001
1
0
00110000001100
11001011101010
1
1
00111110000101
11011101000010
0
0
10001100110110
01001000001001
1
1
10001101100000
11100000010101
0
1
10001111100010
11101101010011
0
0
01011100011000
10011100011000
0
0
11000111001010
10010110000011
0
0
00111010011110
01100100110110
0
0
11111011101011
10101010110001
1
0
10110111110100
10101111110001
0
0
10011111110010
01000011001101
1
0
10000000101000
11101110011010
0
0
10101111111010
10000000001000
1
0
10100100100100
11101110001001
0
1
01100000111100
11000011001111
0
1
10110101010110
01010001111001
1
1
01011000101011
10110101110010
1
1
11000010001000
10000001010111
0
1
00001000010100
11000110000111
1
0
11110111011100
01111100100010
1
0
01101000001110
00010000111101
0
0
01000000010111
10011011110111
1
1
01111010111001
01100111101110
0
1
01100001000000
11110010111111
1
1
11001101000111
00001000110110
0
0
00101110110001
00011001101000
0
0
10001011101101
01011111011110
0
0
10101101110000
10011100111001
1
1
11110110000011
10011010111011
0
1
10111100011001
11001011000010
1
0
11100011100100
00111110101100
0
0
10010101111001
01101011100110
0
1
10011111000001
01100110001111
1
0
11000111100111
01010100010100
1
1
01110100100100
01010111110110
1
0
00110101110100
11010001101110
0
0
10101111101101
11000011110011
0
0
11101001100000
10111001100110
1
0
11101000011011
01000101110000
0
0
11000101011011
01100000011010
0
0
10100111111000
10011010110101
1
1
11100001111110
00111101000000
1
0
01101001110100
11101100101010
1
0
10001011101001
11001000111000
1
1
10000011010000
10010101110110
1
0
10110000000001
01101110001111
0
0
00111111111010
10100101100110
0
0
01010101011100
00101110010010
1
0
01010001100010
01010111100111
0
1
00000010000101
10111000001111
1
0
11001010000100
11000001000000
0
0
10010111010001
11110000111000
0
0
00101110011100
11010010111011
0
0
00010100001000
11000001100010
1
0
10100101100110
10111011110000
0
0
11010101010100
10000001111011
1
0
00001001101101
11111001111100
0
1
10010011001001
01110010011001
1
0
00101010101111
11100000111100
0
0
01100010101010
01001000110110
1
1
11010110111011
11101101110011
1
1
01001101010011
00010101100000
1
0
01010110001110
10101000101110
0
1
10110000001111
10110110001110
1
0
11000011000000
01101001001010
0
1
01011010000000
11101010000110
0
0
01010100101110
10111000011100
1
0
10101011100010
11010001000001
1
1
10001110101011
00011100110100
0
1
00011101100011
00001100101001
1
0
11111101111110
10101110111000
0
0
11101001100001
10011010100100
0
0
10101100011100
10000000010111
1
1
01001001110011
10100111101000
1
1
11000010000101
00011011010011
1
1
10100111101110
11110110101101
1
1
01011000101100
01011011010001
0
1
00110000101011
10001010111110
1
0
11100101000011
01100010101111
0
1
10000010010100
11111000000100
1
1
00100100111100
00010010101101
0
0
11000110111010
01111011011011
0
0
11101000110010
11100110011010
1
0
00000110101110
00110011110010
1
1
00111000011111
11111100011111
1
1
10010010101100
00110010011110
1
0
10111101011010
11100011110100
1
1
11010111011011
01010101100111
1
1
01110001100001
00101111000111
0
0
00001010110001
11010001010000
0
1
00010010100110
00101111111011
0
0
00110010111110
10011000101001
0
0
01101001101000
10111000010110
1
1
11011110110000
00010100001000
0
1
00100110111001
10010110011111
0
0
10100010111000
00010010010010
0
1
01010100000111
01101110111011
0
0
11010010010111
00101110100110
0
0
11101100011000
11000101100010
1
1
00000000001100
10100001111100
0
1
11000110100111
01101001010110
1
1
00000101101011
00011101000111
1
1
10101010111011
00000110000111
1
1
00001101000110
01101111000011
1
1
11011010010000
11010100010110
1
1
01011011110010
00111010000100
1
1
01100000101001
10001111100010
1
1
00000110110110
01000001010111
0
0
00000010111110
00010000001001
1
1
01010010100100
11110011000010
0
0
01000111111011
11110101000010
0
0
00000100110110
10100000011101
1
1
10001100101101
00110111000001
1
1
00000100111000
01001110101011
0
0
11001011001100
00110010110101
1
1
11011011110110
10100011011110
0
1
01011000111010
00101001101000
0
0
10011010000011
11111001110011
1
1
01000110110000
00110100000010
0
0
10111110010101
01001000100010
1
1
11000110110000
11011101001111
0
1
10100100000100
11001111000010
1
0
10100111011010
10010010010001
0
1
01001100101100
11000110100101
0
0
00110110110011
10110010001010
0
1
01001001011000
01110000101110
0
1
01011111000111
01011010001000
1
1
00010101001101
10001001111010
0
1
10111010000100
11010010100000
1
0
10001111101000
10101101001010
1
0
10101101110100
00011011110001
1
1
00001011100101
10110011101100
1
1
11001001011000
10000001010111
0
0
11010000110011
10010100010100
1
1
00100000000001
11001110011101
1
0
00100101101011
00010100110001
0
1
00010100011000
00010101000010
1
1
01111000100110
10101101010000
0
1
00011011001001
01101001111111
1
1
00100110000100
01011111100010
1
1
01011001000001
00001010111100
0
1
00111001010111
10001110001100
1
0
11001101011000
00111011000010
0
0
00001110101101
00111100100111
1
1
01001101010011
11111111000011
1
0
10110110000111
00010100001101
1
1
10010111111011
01101001110001
0
1
10001110110000
10111010000001
1
1
01000111101001
01111011101010
0
0
11011110010101
11111111100001
1
1
11010100110101
01100000110010
0
0
10111011011101
11001000000111
0
0
11100010110001
10100110001010
0
0
10101101011111
00011100101111
0
1
11011000011111
01101011001110
1
1
11111111111000
00001101000001
1
0
10111000110000
01101110001000
0
1
10100011000111
01110101011100
1
1
11100011110111
11100000011100
1
0
00011010010000
10101010011011
0
0
00100000110100
01101001010100
0
1
00100111010100
11101000001110
1
1
11001001010101
10100100000000
0
1
01101001101101
01111011110100
1
1
01110010011010
00111010110010
0
0
11110000100110
11000011100111
1
0
00110111100101
00000001100011
1
1
11010100110111
11111100101110
1
1
11100001100110
01101101100111
0
0
00001101000011
00101101101000
1
1
10000100111010
10010101011001
1
0
11000010111111
01001111110011
1
1
01100000011000
11001000000100
1
0
10101000000010
11101000111010
1
0
10100101100110
01011001101000
0
0
01101010110100
01100110111010
0
1
00001110010010
01011111110010
0
0
01000010010110
10000101111010
1
1
00000010010011
00101110111001
1
0
00101011110001
01001110111000
0
0
00011100100110
00100100111101
0
0
10111010011110
11111111011110
0
1
01110111111000
00000010110011
0
1
11111000110001
00111000101110
0
0
00100110110111
10111100111100
0
0
11001100101000
00101111010100
0
0
10010110100110
10110100101100
0
1
10110000101010
01100000101110
0
0
10000011100110
11010111100000
1
1
11111100010001
11001001001100
1
0
10111001000001
00110001001000
1
0
10110010010001
11101111101101
1
1
10100111110101
00010110010001
0
1
00000000000111
00111110011000
0
0
00001010000110
11011010101000
1
0
01010101011011
11111111010001
0
1
11000101011010
01011001100111
0
1
00111101010100
01101110011011
0
1
11100101010110
11100100001100
1
1
00011110110010
00010000011111
1
1
10011011010100
10111110000110
0
1
00101101010000
00100101100101
0
0
10111111100101
01011001111101
0
1
01010001101101
01111110010000
1
1
10100011011100
11010000110100
1
0
10010111110100
00101101110011
0
1
10101001110000
00011110111101
1
0
11000101001001
01100111100111
0
0
01100011010001
00100000001100
1
1
01000111000101
11000110001010
0
0
11011001100101
11000000111010
1
1
11100101101101
00000101111011
1
1
11000111101000
10001100110010
1
0
00101110000000
10010110101111
0
0
10100001011001
11101010011101
1
0
01101011001101
00110110001110
0
0
10000011001110
10110110100110
0
0
10010000000110
01111000011011
0
0
00000010001111
10101000011100
0
0
10101001000000
11011101100011
0
1
10000001110100
00000001010100
1
1
11101110000110
00101110111001
0
1
10010001110111
11101111001100
1
0
11101001010111
11010101000001
0
1
10011010111101
11100000010100
0
0
01010011101101
10010101100111
0
0
10000000001100
11011000111111
1
1
10001011111110
11111111111000
1
1
01111110010101
10100010100001
0
1
00110011110010
10101011010111
0
1
11000110110011
11101110111100
0
0
00111011100011
00111011101011
0
0
10111010101001
10000001101010
1
0
00110000001010
00101101100010
0
0
11100011101111
11110000111101
0
0
11100110100100
10000111101000
1
1
01001001100000
00000111000111
1
1
10100001011010
10110110001010
0
0
10010100110100
10010111001100
1
1
11011000111101
00010110110101
1
1
01101011100111
01111101001111
0
0
00010010000010
01010001001001
0
1
10000100111100
10000100111110
1
0
10101010001100
10000000111010
1
0
10010000011000
10000001111011
1
1
00110001110100
00000010100111
0
0
01001100001100
10011001000100
0
1
11001100101010
00010100110111
1
0
01100110101101
00010100010011
0
0
10010000101110
01000101011011
0
0
11110100110010
10100011100010
0
0
00010000110111
00001110000111
1
0
11101000100100
01001101101110
1
1
11110110000000
10010000000000
1
1
11011000001000
10110101111110
0
1
10010010101011
00001001111111
1
1
10010001001101
11011001110101
0
1
00100010000100
11000110100101
0
0
01011010110010
00110001110001
0
1
00100001111110
11001101101001
0
1
01010000110011
11100101010010
1
0
10001010000101
11111111010010
0
0
10011010011011
01010101010000
1
1
00111110011100
11111011011010
0
1
10011111011000
00100000010111
1
0
10001000001011
10001010000010
0
1
00010101101110
00011001000100
0
0
00100100100010
00000101101001
1
1
00100110100111
00110101011000
0
0
00011001010101
10110000001101
1
0
11100101000000
01110111011010
1
0
01010010100110
00001101001100
0
0
10111101010110
00001001111011
0
0
00000000000100
11010010001111
0
0
00101101001010
01100001110100
1
1
00111100001001
11010101110100
0
1
00100110011001
01011101011000
0
1
00010000111011
00111110000001
1
1
01111101001010
01011111100010
0
0
11010111010110
01101011110110
0
1
01001110100010
00101000110110
0
0
11101011101000
01100011011100
0
0
00110110111110
11000010011011
1
0
01100111101101
00011000111111
1
1
11101100010001
01011100011101
0
1
11011011010001
11111011100001
0
0
10011001101010
10111110101011
1
0
00001101011110
11111101010100
1
1
10110000101100
00111000110110
0
1
01000011001101
10010101111000
0
1
00111110100111
01100101100100
0
1
11001000011110
10011011000100
1
0
01100011001111
10011001101110
0
0
11111011110001
00110111100010
1
1
11000010100010
01010011000111
0
0
00001000101101
00010001110100
1
1
10001010101001
11110010110110
1
1
00011010000110
01101000010001
1
0
10010011110111
00110010100010
1
0
00100010000101
11000001101011
0
0
00011100111010
00100011010000
1
1
01001101101000
00111110011010
1
0
01110001001000
01000101010111
0
0
01000001100111
11110011001000
1
0
00110101101011
00001010110011
0
0
10000010111001
01011111010111
1
1
10000110001000
01100110011011
1
0
10110010101001
11111000101110
1
1
10010111000001
00001110101010
0
0
01100111100010
01010010110000
0
0
01110110101110
01000011110111
1
1
00010110111011
10011000011011
0
1
11001001011011
01000110110010
0
1
00100100100100
10001101100111
1
1
00010110100101
00110111000010
0
1
11100101110010
01100111011011
0
1
10100000101110
00011110100111
0
1
10111111111000
00100110100010
1
1
00011001000100
11001011111010
1
0
00000100011001
01000111100111
1
0
11100011111011
11110111100111
0
0
10000100011110
10010111101110
0
0
01011001000111
01111010110001
1
1
00101001001001
11000110101101
1
0
11011001101011
10010011100011
0
1
00100101000000
10001110000010
1
0
11100011001000
01100101001010
1
1
11111110101110
00100011101001
0
1
10011111001101
00001110111011
0
0
10101000100011
01010100010001
0
1
11001111001010
01111101001010
0
0
10001011000011
11101110000111
0
1
01111000110101
01001101101111
1
0
00110111001110
11110101101110
1
1
10010010011010
10010000010111
0
1
10110111111001
00101100111110
0
1
10001100110000
00011110011101
1
0
10100101111010
10110000110100
0
1
01000111010110
10011111100001
0
1
10110110010110
01000110100101
1
0
01011101100010
11001010010010
0
0
00110001011110
11000110110011
0
0
10010111011100
01110100100010
0
0
00000011100011
11111100001010
0
1
11101010110111
01111000011100
1
1
10011000111111
00000111001101
0
0
11111101011110
11001110010101
0
1
11010000000001
11100010100100
0
0
11010001110111
11101010101111
1
0
10000001111000
10101110011110
1
0
11001111101111
11100000110100
1
0
01011010110000
11011011111110
1
0
11001011110111
10101101110101
1
1
00001000101010
01010111101011
0
0
11111100010000
01110000010110
0
1
11001011000101
00011100110000
0
1
10111010100101
11100111011111
0
1
01101001011011
01000110111010
1
0
01010011001100
11111000001001
1
1
01110101001000
10100001101011
0
0
01100001101110
01000111001110
1
1
00010011001000
11111110000010
0
1
10010000001100
11101011001101
1
1
00111101111000
10001001100011
1
0
10101101101100
01110111101011
1
0
01110000100000
00111101110010
1
0
10110111001111
00000010000100
0
0
11000011010101
11011001111011
0
1
10111100100110
00100011110001
1
0
10011100110101
00000100111000
1
0
11000001000101
11111010001010
0
1
10011000000011
00101110100111
1
1
00101001000100
01110011110011
1
1
10001101110001
01111011110100
0
0
11101101100111
11110111000111
0
1
10101101101010
00110000110010
1
0
10110011110110
11110000100101
1
1
11111010000000
00111010001110
0
0
01000101010110
10011110011010
1
0
11000001110110
10010110001001
0
1
01110111000100
01000101001010
1
0
00101111100110
10011110010111
1
1
01100011110001
11101111010001
1
1
01001000101010
01000110100001
1
1
01001001111001
11000110001100
1
1
11000010001110
10011000000110
1
0
00010110101111
10100101010110
0
1
01000011010011
10001111110110
0
0
00011000111000
11111100001111
0
0
01001101100100
00111010001011
1
1
00001010011010
10010011110010
1
0
10000101001110
11111100000101
1
0
10100010111001
11011011100001
0
1
11000000001111
10111000011111
0
0
10000001101111
01100011110000
0
0
00110001100001
00001101000111
0
0
01000100010001
01101111000000
0
0
11000101011001
10010010011111
0
0
00011100010100
01101111110111
1
1
10101000010000
10100101000011
1
1
10110001111001
10001110111000
1
0
00110100111101
01010101000110
0
0
11010010100101
01100001010110
0
1
10011100010001
10001100101001
1
0
10000010100110
11001101000111
0
0
00000011000001
11110101011100
1
0
01010100011000
00100010011000
1
1
00001001001000
10000001111010
0
0
01111011001000
11010001110110
1
0
00111111101000
01000101010110
1
1
00101010000100
01111110000111
1
1
00000001111001
10100100100010
1
0
01010100100011
01010110111111
0
0
00101111011001
01100100100110
0
0
10010010110100
10001110101101
1
1
10010110110001
10110100100101
0
0
01010101100100
01001101010011
1
1
00001011011111
00110010001001
1
0
00111011110001
11110111000111
0
1
00110011100110
01110100000001
0
1
00110101110001
10100010000001
1
1
00011000110110
10110110110100
0
0
10011001011110
11000010000010
0
0
10101110001110
00000001100110
1
1
01100110101101
11000101000011
1
0
10101011011101
00010100011110
0
1
00110100011111
01011001100110
1
0
10111011000111
00000101111110
0
1
00101110000101
00111010110111
0
0
01001010100001
10100011111000
0
0
10010011101001
11110010110110
0
0
01101001101110
01010001111110
0
0
01111110000000
01111111110101
0
1
10111110110000
10111010011011
0
1
00010001000010
11011001010001
0
1
00100111011001
10001110110000
0
1
10110110010100
10010001011101
1
0
10100110110011
11101001010101
1
0
00000001011000
01111110101100
0
0
01010111101001
11011001000110
0
0
11000100101100
01111110001111
1
1
00101111001000
10011000000111
1
0
10111101011111
01010011001101
1
1
01100000010000
11100100101001
0
0
11010101100011
00000010111110
0
0
10101011000101
01011011010101
1
0
01111111010101
11110111010111
1
1
11110110101101
10000001000101
1
0
11100110100100
10011100101010
0
1
10010000111010
10010010111111
1
1
10110101111010
00001100101011
1
1
11011010100011
10000101111000
0
1
01011101010000
11111001101111
0
1
11010010110000
11111101011100
0
0
00010111100001
11011010011001
1
0
11011101010001
10011110101011
0
1
10001011101001
01001011011100
1
1
11111000111011
00100100101101
1
0
11110101100101
01010110111001
1
0
00111000100110
01001111000001
0
0
00011001100001
10000110110111
0
0
11010001111011
01010111100000
1
1
11010110111001
11001000111100
0
0
11100010100001
00110110011001
1
0
10100001101010
01111110101000
0

