0	0
0	0
0	0
1	-40224254
0	-40224254
0	-40224254
1	-66690464
0	-66690464
1	-59148442
1	-56327322
0	-56327322
0	-56327322
0	-56327322
0	-56327322
0	-56327322
0	-56327322
1	-51803452
0	-51803452
1	-16614047
0	-16614047
1	9434005
1	-1086050
0	-1086050
0	-1086050
0	-1086050
0	-1086050
1	-3659866
1	816617
0	816617
1	-2723447
0	-2723447
0	-2723447
0	-2723447
0	-2723447
0	-2723447
1	12494665
1	43159160
1	37113725
1	28828670
1	44386830
1	32924564
0	32924564
1	1063628
1	17775678
1	25711369
1	22007925
0	22007925
0	22007925
0	22007925
1	24712551
1	27827946
1	16811346
1	-13647894
0	-13647894
1	-52143334
1	-72032725
1	-74201661
1	-68587269
0	-68587269
1	-76129477
1	-85509751
0	-85509751
1	-45424797
1	-52169421
0	-52169421
0	-52169421
1	-3583944
0	-3583944
1	1386168
0	1386168
0	1386168
1	-5214232
0	-5214232
1	-6529099
1	-48986964
0	-48986964
0	-48986964
1	-49327371
1	-52723818
1	-102550742
1	-63199885
1	-61616875
0	-61616875
0	-61616875
1	-69108931
0	-69108931
0	-69108931
0	-69108931
0	-69108931
1	-68756019
0	-68756019
0	-68756019
0	-68756019
1	-63293679
0	-63293679
1	-101481227
0	-101481227
0	-101481227
0	-101481227
0	-101481227
1	-93520575
1	-102058335
1	-90264801
0	-90264801
0	-90264801
0	-90264801
0	-90264801
0	-90264801
1	-93384590
1	-92313230
0	-92313230
1	-70593785
0	-70593785
1	-60848717
1	-60840359
1	-42261975
0	-42261975
1	-45767627
1	-43509995
0	-43509995
1	-100665615
1	-85237687
0	-85237687
0	-85237687
0	-85237687
0	-85237687
0	-85237687
0	-85237687
0	-85237687
1	-97901416
0	-97901416
1	-101327368
1	-81945608
1	-81027372
0	-81027372
0	-81027372
1	-89120604
0	-89120604
0	-89120604
0	-89120604
1	-80921988
0	-80921988
1	-59031048
1	-60137608
0	-60137608
1	-113720264
1	-112844440
1	-70300320
1	-113631168
1	-122576466
1	96295384
1	104521273
0	104521273
0	104521273
0	104521273
0	104521273
0	104521273
1	52503510
1	7573496
1	-10102904
0	-10102904
0	-10102904
1	-14492744
0	-14492744
1	-19034314
1	-15505180
1	-12879753
1	-12407433
1	38546727
1	-20202082
0	-20202082
1	-5517282
1	-31189332
1	-23408148
1	-32103798
0	-32103798
0	-32103798
1	-16427571
0	-16427571
0	-16427571
0	-16427571
0	-16427571
1	-29304911
0	-29304911
1	-22291561
1	5226519
1	-34073388
0	-34073388
1	-39231060
0	-39231060
1	-40486196
1	-28690504
0	-28690504
0	-28690504
0	-28690504
0	-28690504
0	-28690504
1	-26490904
0	-26490904
0	-26490904
1	-43985072
0	-43985072
0	-43985072
1	-50526568
0	-50526568
1	-920427
1	-2728386
1	12635094
0	12635094
1	16652652
1	8216594
1	54333554
0	54333554
1	47340722
1	60403714
0	60403714
1	42926758
1	19538266
1	-1913093
1	-1295497
1	9985227
0	9985227
0	9985227
0	9985227
1	69322515
1	27661704
1	32151420
0	32151420
1	28693754
1	44359254
0	44359254
1	91845462
0	91845462
0	91845462
0	91845462
1	113148502
1	110333416
1	108256156
1	112809166
1	97673689
1	113173067
1	113094835
0	113094835
1	-107003889
1	-51974549
0	-51974549
0	-51974549
1	-60750719
1	-64231853
0	-64231853
1	-42628061
0	-42628061
0	-42628061
1	-100347962
1	-133598608
0	-133598608
1	-117659527
1	-108969766
0	-108969766
0	-108969766
0	-108969766
0	-108969766
0	-108969766
0	-108969766
0	-108969766
1	-61265136
0	-61265136
1	-116686443
0	-116686443
0	-116686443
0	-116686443
1	-112014270
1	-121051962
0	-121051962
1	89140950
1	134087940
1	-118757326
0	-118757326
0	-118757326
0	-118757326
0	-118757326
0	-118757326
0	-118757326
1	130761281
0	130761281
0	130761281
1	-132444343
1	128640363
1	111619333
1	121851711
0	121851711
0	121851711
0	121851711
0	121851711
1	133366599
1	130323879
0	130323879
0	130323879
1	109339159
1	108074469
1	101861587
1	-123903501
0	-123903501
0	-123903501
0	-123903501
0	-123903501
0	-123903501
1	104880475
0	104880475
1	115296375
0	115296375
1	104867451
0	104867451
1	105444742
1	-122118138
0	-122118138
1	124201219
0	124201219
0	124201219
1	132398818
1	-100741924
0	-100741924
0	-100741924
1	-98967256
1	-88515623
0	-88515623
0	-88515623
1	-120968273
1	-71863035
0	-71863035
1	-36993951
1	-86335287
1	-80039464
0	-80039464
0	-80039464
0	-80039464
0	-80039464
1	-112357288
1	111473610
0	111473610
0	111473610
0	111473610
1	129513502
1	125353212
1	132831593
1	-101066276
1	-99924477
0	-99924477
1	122136963
1	113900957
1	89594477
0	89594477
0	89594477
0	89594477
1	68277859
1	97591450
0	97591450
0	97591450
1	74388088
0	74388088
1	89056248
1	130124132
0	130124132
1	-86874664
1	-86588790
0	-86588790
0	-86588790
1	-98074423
0	-98074423
0	-98074423
0	-98074423
0	-98074423
0	-98074423
0	-98074423
0	-98074423
1	-92114308
1	-67189096
0	-67189096
1	-28556316
0	-28556316
0	-28556316
0	-28556316
1	-30835096
0	-30835096
0	-30835096
0	-30835096
1	-32359700
1	-20063495
0	-20063495
0	-20063495
0	-20063495
1	-46173405
1	-44863187
0	-44863187
0	-44863187
1	-43843943
0	-43843943
1	-50374721
1	-54711756
1	-56644622
1	-62800742
0	-62800742
0	-62800742
0	-62800742
0	-62800742
1	-108023366
1	-131431018
1	-132398768
1	-126004338
0	-126004338
0	-126004338
1	-131890470
0	-131890470
1	-121051438
0	-121051438
0	-121051438
0	-121051438
1	-120068557
0	-120068557
1	-120360277
1	-127217470
0	-127217470
0	-127217470
0	-127217470
1	-109621743
1	-111100695
1	-54810447
0	-54810447
1	-47654807
0	-47654807
1	-47005007
1	-3857007
0	-3857007
0	-3857007
1	-57856905
0	-57856905
0	-57856905
1	-71547356
0	-71547356
0	-71547356
1	-76001822
0	-76001822
0	-76001822
0	-76001822
1	-28915118
0	-28915118
1	-1478878
0	-1478878
1	-29010039
0	-29010039
1	16014941
0	16014941
1	15648376
0	15648376
0	15648376
1	45367416
1	29593616
1	23216164
1	55296676
0	55296676
1	64508572
0	64508572
0	64508572
0	64508572
0	64508572
1	62759312
1	102580881
1	70343611
1	106742337
0	106742337
1	97314107
0	97314107
0	97314107
1	95544747
1	109354347
0	109354347
1	63894597
0	63894597
0	63894597
1	62678088
0	62678088
0	62678088
0	62678088
0	62678088
1	68420535
0	68420535
0	68420535
0	68420535
1	62854120
0	62854120
0	62854120
1	92246497
0	92246497
0	92246497
1	78259585
1	80717785
1	58557145
0	58557145
1	102300918
0	102300918
0	102300918
1	110861898
0	110861898
1	126438648
0	126438648
0	126438648
0	126438648
1	-123790600
1	-125462569
1	106294510
1	132401383
1	-128411001
1	-129423001
1	-126289113
1	-75144111
1	-70762335
0	-70762335
1	-126935929
1	-102625426
1	-103462764
0	-103462764
0	-103462764
0	-103462764
1	133285132
1	133082871
1	131488971
1	-98013619
0	-98013619
0	-98013619
1	-60211495
0	-60211495
0	-60211495
1	-70490845
0	-70490845
0	-70490845
0	-70490845
0	-70490845
1	-70906524
0	-70906524
1	-75460227
0	-75460227
0	-75460227
0	-75460227
0	-75460227
0	-75460227
0	-75460227
0	-75460227
1	-133757100
1	-88714330
0	-88714330
0	-88714330
0	-88714330
1	-112366628
1	-110877796
1	-110609476
1	-90685427
0	-90685427
1	-71452823
1	-87152027
1	-73175044
0	-73175044
0	-73175044
0	-73175044
0	-73175044
0	-73175044
0	-73175044
0	-73175044
0	-73175044
0	-73175044
0	-73175044
1	-72964039
1	-66207394
1	-126214106
0	-126214106
1	124549150
1	130747360
0	130747360
1	-110756721
0	-110756721
0	-110756721
0	-110756721
0	-110756721
1	128270519
1	-102976375
1	-76091520
0	-76091520
1	-83983404
1	-89711028
1	-68991420
0	-68991420
0	-68991420
0	-68991420
0	-68991420
1	-70182492
1	-69360132
1	-50062359
0	-50062359
1	-50765369
1	-46685239
0	-46685239
1	-103979245
1	-85902907
0	-85902907
1	-79204081
0	-79204081
0	-79204081
0	-79204081
0	-79204081
0	-79204081
0	-79204081
0	-79204081
1	-59497999
0	-59497999
0	-59497999
0	-59497999
0	-59497999
0	-59497999
1	-84662385
0	-84662385
1	-121916733
0	-121916733
0	-121916733
1	-83218515
1	-83832591
0	-83832591
1	-85719203
0	-85719203
1	-91160843
0	-91160843
0	-91160843
1	-79057843
0	-79057843
1	-48822514
1	-46258730
0	-46258730
0	-46258730
1	-80205764
0	-80205764
0	-80205764
0	-80205764
1	-71889274
0	-71889274
1	-79174900
1	-86293360
0	-86293360
0	-86293360
1	-71056973
0	-71056973
1	-60995423
1	-37395413
0	-37395413
1	-49522193
0	-49522193
0	-49522193
0	-49522193
0	-49522193
0	-49522193
1	-92823498
0	-92823498
0	-92823498
1	-91315670
0	-91315670
1	-92310998
1	-83436614
0	-83436614
0	-83436614
1	-116273890
0	-116273890
1	-113974153
0	-113974153
1	-125961724
0	-125961724
0	-125961724
0	-125961724
0	-125961724
1	128074072
0	128074072
1	122665153
0	122665153
1	118830763
0	118830763
0	118830763
0	118830763
1	129197203
0	129197203
1	95444731
0	95444731
0	95444731
1	102740712
1	103293208
1	94606543
1	83596936
0	83596936
1	120694200
1	88594104
0	88594104
0	88594104
1	111743070
1	106937997
1	80122275
1	72628019
1	56034719
1	51628439
1	59028983
1	63158079
0	63158079
0	63158079
0	63158079
1	51787947
0	51787947
0	51787947
1	48508034
1	85693442
1	83016122
1	92281694
0	92281694
0	92281694
1	91637974
1	84225634
1	72412339
1	83028507
0	83028507
1	114755323
1	124910426
1	133615514
0	133615514
1	126613826
0	126613826
0	126613826
0	126613826
1	109111510
1	109491450
1	89050296
0	89050296
0	89050296
0	89050296
1	121039032
0	121039032
0	121039032
0	121039032
0	121039032
1	-100056766
1	-99656246
0	-99656246
1	-40771190
0	-40771190
1	-23785670
1	-25724570
0	-25724570
1	-22325119
1	21220068
0	21220068
0	21220068
0	21220068
0	21220068
0	21220068
1	4852706
0	4852706
0	4852706
0	4852706
1	12791784
1	59616474
1	59396524
1	105550580
1	132189375
0	132189375
0	132189375
1	-109831081
0	-109831081
0	-109831081
0	-109831081
1	111828674
0	111828674
0	111828674
0	111828674
1	97145162
0	97145162
1	102445872
1	65886412
1	71555792
0	71555792
0	71555792
1	69767488
0	69767488
0	69767488
0	69767488
1	20047605
0	20047605
0	20047605
1	21777441
1	9918591
0	9918591
0	9918591
0	9918591
1	17381979
1	-1388259
0	-1388259
1	12066651
0	12066651
0	12066651
1	24984563
0	24984563
1	38105738
1	56916530
1	61234250
0	61234250
1	67029890
1	71428042
0	71428042
0	71428042
0	71428042
0	71428042
1	52768414
1	86131234
0	86131234
0	86131234
0	86131234
0	86131234
0	86131234
0	86131234
0	86131234
0	86131234
1	113081600
0	113081600
1	131002880
0	131002880
1	83684990
1	66038718
1	94468229
0	94468229
0	94468229
1	89662304
0	89662304
0	89662304
1	104306994
0	104306994
0	104306994
1	129791666
1	106997050
0	106997050
0	106997050
0	106997050
0	106997050
0	106997050
1	91030732
1	92515997
0	92515997
0	92515997
0	92515997
0	92515997
0	92515997
1	82744365
0	82744365
1	69997561
0	69997561
0	69997561
1	97124521
1	123045295
0	123045295
1	130330685
0	130330685
1	-100397939
0	-100397939
1	-116499542
1	-129089777
0	-129089777
0	-129089777
1	132792444
0	132792444
1	122124774
0	122124774
0	122124774
0	122124774
1	-117633571
0	-117633571
1	116524845
1	114966852
0	114966852
0	114966852
1	-103911229
1	-84682525
0	-84682525
1	-89120157
0	-89120157
0	-89120157
0	-89120157
1	-68910356
0	-68910356
0	-68910356
1	-77772111
1	-73991603
0	-73991603
0	-73991603
1	-73327097
1	-109579313
1	132304591
0	132304591
1	-110989301
1	-90462301
1	-44156041
0	-44156041
1	-34818229
0	-34818229
0	-34818229
1	-47333557
1	-41957317
1	-27273511
0	-27273511
0	-27273511
1	-8570286
0	-8570286
0	-8570286
0	-8570286
0	-8570286
1	-38420382
0	-38420382
0	-38420382
1	-26940369
1	-20822817
1	2013240
1	2021119
0	2021119
1	3111091
0	3111091
0	3111091
1	-23373543
1	-26637529
1	-25307983
0	-25307983
0	-25307983
1	-17575383
0	-17575383
0	-17575383
0	-17575383
1	-24197453
0	-24197453
1	-32209577
1	-46508879
0	-46508879
0	-46508879
0	-46508879
1	-22786623
0	-22786623
0	-22786623
1	-33201023
1	-35687400
0	-35687400
0	-35687400
1	-83603940
1	-72666942
1	-88345737
1	-93268846
1	-94821830
1	-106462130
1	-94066868
0	-94066868
1	-70154003
0	-70154003
1	-63110153
0	-63110153
0	-63110153
1	-62623730
0	-62623730
1	-53170855
0	-53170855
1	-67988113
0	-67988113
0	-67988113
0	-67988113
0	-67988113
1	-90546488
0	-90546488
0	-90546488
1	-34080110
0	-34080110
1	-57978218
1	-68356082
0	-68356082
1	-66198085
1	-45762553
1	-10782041
0	-10782041
0	-10782041
1	15071372
0	15071372
1	24395840
1	18903440
0	18903440
0	18903440
1	-4882696
0	-4882696
0	-4882696
0	-4882696
0	-4882696
0	-4882696
1	-6321991
1	-6063516
1	-31945068
0	-31945068
0	-31945068
